# ------------------------------------------------------------------------
# Radiance spectrum
# NASA-GSFC Planetary Spectrum Generator (PSG) (Villanueva et al. 2018, 2022)
# Synthesized on Mon Mar  6 12:36:43 2023
# Doppler velocities [km/s] (vobs,vrot+vorb,vwidth,vrfl,vstr): -21.10000,-0.00000,0.23000,0.45436,0.00000
# ------------------------------------------------------------------------
# Spectra synthesized with the Planetary and Universal Model of Atmospheric Scattering (PUMAS, Villanueva et al. 2018, 2022)
# Single scattering radiative transfer method
# ------------------------------------------------------------------------
# Spectral unit: Wavelength [um]
# Radiance unit: Measured radiant energy [photons]
# Wave/freq Total Noise Stellar trappist-1b Transit
6.000000000e-01  3.6355693e+07  6.55701e+03  3.66258e+07 -2.70103e+05 -2.70103e+05
6.220000000e-01  4.2165043e+07  6.98597e+03  4.24783e+07 -3.13236e+05 -3.13236e+05
6.440000000e-01  6.4914712e+07  8.45893e+03  6.53969e+07 -4.82202e+05 -4.82202e+05
6.660000000e-01  6.1600324e+07  8.26069e+03  6.20579e+07 -4.57551e+05 -4.57551e+05
6.880000000e-01  7.8340932e+07  9.21844e+03  7.89228e+07 -5.81860e+05 -5.81860e+05
7.100000000e-01  8.6899057e+07  9.67149e+03  8.75445e+07 -6.45394e+05 -6.45394e+05
7.320000000e-01  1.5209773e+08  1.25991e+04  1.53227e+08 -1.12956e+06 -1.12956e+06
7.540000000e-01  2.3161468e+08  1.54355e+04  2.33335e+08 -1.72003e+06 -1.72003e+06
7.760000000e-01  1.5974633e+08  1.28990e+04  1.60933e+08 -1.18630e+06 -1.18630e+06
7.980000000e-01  2.4515513e+08  1.58680e+04  2.46976e+08 -1.82047e+06 -1.82047e+06
8.200000000e-01  2.8766305e+08  1.71552e+04  2.89799e+08 -2.13605e+06 -2.13605e+06
8.420000000e-01  2.6729725e+08  1.65510e+04  2.69282e+08 -1.98477e+06 -1.98477e+06
8.640000000e-01  3.1551361e+08  1.79486e+04  3.17856e+08 -2.34288e+06 -2.34288e+06
8.860000000e-01  3.2764002e+08  1.82833e+04  3.30073e+08 -2.43275e+06 -2.43275e+06
9.080000000e-01  3.5942904e+08  1.91329e+04  3.62098e+08 -2.66874e+06 -2.66874e+06
9.300000000e-01  3.9590516e+08  2.00635e+04  3.98845e+08 -2.93959e+06 -2.93959e+06
9.520000000e-01  4.2137900e+08  2.06886e+04  4.24508e+08 -3.12861e+06 -3.12861e+06
9.740000000e-01  4.2200749e+08  2.07038e+04  4.25141e+08 -3.13324e+06 -3.13324e+06
9.960000000e-01  4.4075602e+08  2.11517e+04  4.44028e+08 -3.27240e+06 -3.27240e+06
1.018000000e+00  4.6891871e+08  2.18073e+04  4.72400e+08 -3.48146e+06 -3.48146e+06
1.040000000e+00  4.9323848e+08  2.23579e+04  4.96901e+08 -3.66243e+06 -3.66243e+06
1.062000000e+00  5.1376249e+08  2.28123e+04  5.17577e+08 -3.81492e+06 -3.81492e+06
1.084000000e+00  5.2225706e+08  2.29977e+04  5.26134e+08 -3.87743e+06 -3.87743e+06
1.106000000e+00  5.0179201e+08  2.25484e+04  5.05518e+08 -3.72556e+06 -3.72556e+06
1.128000000e+00  4.9689112e+08  2.24395e+04  5.00580e+08 -3.68928e+06 -3.68928e+06
1.150000000e+00  5.0125530e+08  2.25365e+04  5.04977e+08 -3.72149e+06 -3.72149e+06
1.172000000e+00  5.0804879e+08  2.26867e+04  5.11821e+08 -3.77180e+06 -3.77180e+06
1.194000000e+00  5.1788749e+08  2.29025e+04  5.21733e+08 -3.84567e+06 -3.84567e+06
1.216000000e+00  5.4208841e+08  2.34249e+04  5.46117e+08 -4.02908e+06 -4.02908e+06
1.238000000e+00  5.5397157e+08  2.36772e+04  5.58085e+08 -4.11385e+06 -4.11385e+06
1.260000000e+00  5.6442942e+08  2.38970e+04  5.68621e+08 -4.19111e+06 -4.19111e+06
1.282000000e+00  5.7412198e+08  2.40990e+04  5.78385e+08 -4.26331e+06 -4.26331e+06
1.304000000e+00  5.7810528e+08  2.41815e+04  5.82398e+08 -4.29306e+06 -4.29306e+06
1.326000000e+00  5.2306097e+08  2.30152e+04  5.26945e+08 -3.88422e+06 -3.88422e+06
1.348000000e+00  3.9410960e+08  2.00187e+04  3.97036e+08 -2.92652e+06 -2.92652e+06
1.370000000e+00  3.9878028e+08  2.01350e+04  4.01741e+08 -2.96091e+06 -2.96091e+06
1.392000000e+00  3.8239201e+08  1.97239e+04  3.85231e+08 -2.83890e+06 -2.83890e+06
1.414000000e+00  3.5850770e+08  1.91088e+04  3.61169e+08 -2.66151e+06 -2.66151e+06
1.436000000e+00  3.5461523e+08  1.90067e+04  3.57256e+08 -2.64048e+06 -2.64048e+06
1.458000000e+00  3.5724513e+08  1.90757e+04  3.59898e+08 -2.65295e+06 -2.65295e+06
1.480000000e+00  3.5663597e+08  1.90598e+04  3.59286e+08 -2.64964e+06 -2.64964e+06
1.502000000e+00  3.6929251e+08  1.93890e+04  3.72035e+08 -2.74235e+06 -2.74235e+06
1.524000000e+00  3.8122779e+08  1.96943e+04  3.84061e+08 -2.83296e+06 -2.83296e+06
1.546000000e+00  3.8961303e+08  1.99061e+04  3.92507e+08 -2.89432e+06 -2.89432e+06
1.568000000e+00  4.0381856e+08  2.02597e+04  4.06823e+08 -3.00459e+06 -3.00459e+06
1.590000000e+00  4.2179421e+08  2.06986e+04  4.24929e+08 -3.13528e+06 -3.13528e+06
1.612000000e+00  4.3383150e+08  2.09874e+04  4.37059e+08 -3.22743e+06 -3.22743e+06
1.634000000e+00  4.5395326e+08  2.14614e+04  4.57328e+08 -3.37507e+06 -3.37507e+06
1.656000000e+00  4.7443081e+08  2.19333e+04  4.77956e+08 -3.52561e+06 -3.52561e+06
1.678000000e+00  4.8557324e+08  2.21859e+04  4.89180e+08 -3.60637e+06 -3.60637e+06
1.700000000e+00  4.6527571e+08  2.17236e+04  4.68731e+08 -3.45496e+06 -3.45496e+06
1.722000000e+00  4.2094816e+08  2.06782e+04  4.24073e+08 -3.12518e+06 -3.12518e+06
1.744000000e+00  3.8422044e+08  1.97702e+04  3.87073e+08 -2.85235e+06 -2.85235e+06
1.766000000e+00  3.4723911e+08  1.88116e+04  3.49817e+08 -2.57789e+06 -2.57789e+06
1.788000000e+00  3.2228018e+08  1.81361e+04  3.24673e+08 -2.39263e+06 -2.39263e+06
1.810000000e+00  3.0401786e+08  1.76255e+04  3.06275e+08 -2.25693e+06 -2.25693e+06
1.832000000e+00  3.0269170e+08  1.75878e+04  3.04939e+08 -2.24708e+06 -2.24708e+06
1.854000000e+00  2.7687449e+08  1.68379e+04  2.78930e+08 -2.05547e+06 -2.05547e+06
1.876000000e+00  2.8166017e+08  1.69794e+04  2.83755e+08 -2.09447e+06 -2.09447e+06
1.898000000e+00  2.9105286e+08  1.72537e+04  2.93215e+08 -2.16241e+06 -2.16241e+06
1.920000000e+00  2.9117454e+08  1.72573e+04  2.93337e+08 -2.16211e+06 -2.16211e+06
1.942000000e+00  2.8970069e+08  1.72145e+04  2.91858e+08 -2.15713e+06 -2.15713e+06
1.964000000e+00  2.9012961e+08  1.72270e+04  2.92293e+08 -2.16356e+06 -2.16356e+06
1.986000000e+00  2.7660075e+08  1.68297e+04  2.78660e+08 -2.05890e+06 -2.05890e+06
2.008000000e+00  2.7119984e+08  1.66685e+04  2.73224e+08 -2.02443e+06 -2.02443e+06
2.030000000e+00  2.7104894e+08  1.66640e+04  2.73069e+08 -2.02014e+06 -2.02014e+06
2.052000000e+00  2.7337803e+08  1.67337e+04  2.75417e+08 -2.03850e+06 -2.03850e+06
2.074000000e+00  2.7478672e+08  1.67757e+04  2.76835e+08 -2.04808e+06 -2.04808e+06
2.096000000e+00  2.7943647e+08  1.69138e+04  2.81517e+08 -2.08013e+06 -2.08013e+06
2.118000000e+00  2.8535035e+08  1.70877e+04  2.87472e+08 -2.12132e+06 -2.12132e+06
2.140000000e+00  2.9150583e+08  1.72669e+04  2.93672e+08 -2.16657e+06 -2.16657e+06
2.162000000e+00  2.9958037e+08  1.74991e+04  3.01808e+08 -2.22723e+06 -2.22723e+06
2.184000000e+00  3.0518440e+08  1.76585e+04  3.07451e+08 -2.26651e+06 -2.26651e+06
2.206000000e+00  3.1083842e+08  1.78179e+04  3.13147e+08 -2.30812e+06 -2.30812e+06
2.228000000e+00  3.1851455e+08  1.80320e+04  3.20879e+08 -2.36484e+06 -2.36484e+06
2.250000000e+00  3.2466525e+08  1.82018e+04  3.27076e+08 -2.41046e+06 -2.41046e+06
2.272000000e+00  3.2512557e+08  1.82144e+04  3.27539e+08 -2.41379e+06 -2.41379e+06
2.294000000e+00  3.1757393e+08  1.80059e+04  3.19932e+08 -2.35761e+06 -2.35761e+06
2.316000000e+00  3.0294627e+08  1.75950e+04  3.05195e+08 -2.24896e+06 -2.24896e+06
2.338000000e+00  2.8916133e+08  1.71988e+04  2.91308e+08 -2.14662e+06 -2.14662e+06
2.360000000e+00  2.7360956e+08  1.67406e+04  2.75641e+08 -2.03118e+06 -2.03118e+06
2.382000000e+00  2.6279762e+08  1.64145e+04  2.64749e+08 -1.95102e+06 -1.95102e+06
2.404000000e+00  2.4071972e+08  1.57276e+04  2.42507e+08 -1.78715e+06 -1.78715e+06
2.426000000e+00  2.2123046e+08  1.50953e+04  2.22873e+08 -1.64233e+06 -1.64233e+06
2.448000000e+00  2.0795456e+08  1.46490e+04  2.09498e+08 -1.54378e+06 -1.54378e+06
2.470000000e+00  1.9145319e+08  1.40745e+04  1.92875e+08 -1.42137e+06 -1.42137e+06
2.492000000e+00  1.8444897e+08  1.38235e+04  1.85819e+08 -1.37021e+06 -1.37021e+06
2.514000000e+00  1.7405128e+08  1.34421e+04  1.75344e+08 -1.29271e+06 -1.29271e+06
2.536000000e+00  1.6978669e+08  1.32825e+04  1.71047e+08 -1.26056e+06 -1.26056e+06
2.558000000e+00  1.6631686e+08  1.31513e+04  1.67552e+08 -1.23485e+06 -1.23485e+06
2.580000000e+00  1.6687587e+08  1.31725e+04  1.68115e+08 -1.23958e+06 -1.23958e+06
2.602000000e+00  1.6877629e+08  1.32444e+04  1.70030e+08 -1.25397e+06 -1.25397e+06
2.624000000e+00  1.6855457e+08  1.32361e+04  1.69807e+08 -1.25214e+06 -1.25214e+06
2.646000000e+00  1.7157982e+08  1.33499e+04  1.72854e+08 -1.27467e+06 -1.27467e+06
2.668000000e+00  1.7031170e+08  1.33023e+04  1.71584e+08 -1.27203e+06 -1.27203e+06
2.690000000e+00  1.6303951e+08  1.30261e+04  1.64259e+08 -1.21986e+06 -1.21986e+06
2.712000000e+00  1.5514900e+08  1.27196e+04  1.56309e+08 -1.15986e+06 -1.15986e+06
2.734000000e+00  1.5018846e+08  1.25231e+04  1.51310e+08 -1.12171e+06 -1.12171e+06
2.756000000e+00  1.4897715e+08  1.24746e+04  1.50091e+08 -1.11412e+06 -1.11412e+06
2.778000000e+00  1.4444725e+08  1.22917e+04  1.45528e+08 -1.08047e+06 -1.08047e+06
2.800000000e+00  1.4370753e+08  1.22616e+04  1.44782e+08 -1.07400e+06 -1.07400e+06
2.822000000e+00  1.4084293e+08  1.21442e+04  1.41895e+08 -1.05168e+06 -1.05168e+06
2.844000000e+00  1.3637038e+08  1.19586e+04  1.37388e+08 -1.01751e+06 -1.01751e+06
2.866000000e+00  1.3823370e+08  1.20363e+04  1.39264e+08 -1.03024e+06 -1.03024e+06
2.888000000e+00  1.3758329e+08  1.20093e+04  1.38607e+08 -1.02394e+06 -1.02394e+06
2.910000000e+00  1.3285602e+08  1.18108e+04  1.33843e+08 -9.87256e+05 -9.87256e+05
2.932000000e+00  1.3186335e+08  1.17687e+04  1.32843e+08 -9.79285e+05 -9.79285e+05
2.954000000e+00  1.2969329e+08  1.16783e+04  1.30657e+08 -9.63534e+05 -9.63534e+05
2.976000000e+00  1.2914124e+08  1.16589e+04  1.30102e+08 -9.60785e+05 -9.60785e+05
2.998000000e+00  1.2682676e+08  1.15636e+04  1.27769e+08 -9.42726e+05 -9.42726e+05
3.020000000e+00  1.2700774e+08  1.15758e+04  1.27952e+08 -9.44257e+05 -9.44257e+05
3.042000000e+00  1.2601667e+08  1.15373e+04  1.26953e+08 -9.36238e+05 -9.36238e+05
3.064000000e+00  1.2624525e+08  1.15517e+04  1.27183e+08 -9.37570e+05 -9.37571e+05
3.086000000e+00  1.2582532e+08  1.15380e+04  1.26759e+08 -9.34178e+05 -9.34178e+05
3.108000000e+00  1.2562808e+08  1.15340e+04  1.26561e+08 -9.33042e+05 -9.33042e+05
3.130000000e+00  1.2551940e+08  1.15338e+04  1.26452e+08 -9.32593e+05 -9.32593e+05
3.152000000e+00  1.2473736e+08  1.15045e+04  1.25664e+08 -9.26682e+05 -9.26682e+05
3.174000000e+00  1.2470372e+08  1.15076e+04  1.25630e+08 -9.26403e+05 -9.26403e+05
3.196000000e+00  1.2371024e+08  1.14691e+04  1.24629e+08 -9.18578e+05 -9.18579e+05
3.218000000e+00  1.2462635e+08  1.15136e+04  1.25552e+08 -9.25366e+05 -9.25367e+05
3.240000000e+00  1.2483812e+08  1.15276e+04  1.25765e+08 -9.26775e+05 -9.26775e+05
3.262000000e+00  1.2643017e+08  1.16011e+04  1.27369e+08 -9.38570e+05 -9.38571e+05
3.284000000e+00  1.2442518e+08  1.15192e+04  1.25349e+08 -9.23680e+05 -9.23681e+05
3.306000000e+00  1.2531404e+08  1.15625e+04  1.26244e+08 -9.30295e+05 -9.30296e+05
3.328000000e+00  1.2567004e+08  1.15827e+04  1.26603e+08 -9.33075e+05 -9.33075e+05
3.350000000e+00  1.2454915e+08  1.15391e+04  1.25474e+08 -9.25001e+05 -9.25001e+05
3.372000000e+00  1.2508242e+08  1.15671e+04  1.26011e+08 -9.28686e+05 -9.28687e+05
3.394000000e+00  1.2465818e+08  1.15537e+04  1.25584e+08 -9.25428e+05 -9.25429e+05
3.416000000e+00  1.2499223e+08  1.15731e+04  1.25920e+08 -9.27890e+05 -9.27891e+05
3.438000000e+00  1.2384600e+08  1.15285e+04  1.24765e+08 -9.19392e+05 -9.19394e+05
3.460000000e+00  1.2447817e+08  1.15609e+04  1.25402e+08 -9.24082e+05 -9.24084e+05
3.482000000e+00  1.2375206e+08  1.15345e+04  1.24671e+08 -9.18682e+05 -9.18683e+05
3.504000000e+00  1.2456403e+08  1.15748e+04  1.25489e+08 -9.24717e+05 -9.24718e+05
3.526000000e+00  1.2269218e+08  1.14988e+04  1.23603e+08 -9.10859e+05 -9.10859e+05
3.548000000e+00  1.2268030e+08  1.15035e+04  1.23591e+08 -9.10919e+05 -9.10919e+05
3.570000000e+00  1.2254823e+08  1.15029e+04  1.23458e+08 -9.10242e+05 -9.10242e+05
3.592000000e+00  1.2177570e+08  1.14746e+04  1.22680e+08 -9.04746e+05 -9.04746e+05
3.614000000e+00  1.2266111e+08  1.15184e+04  1.23573e+08 -9.11545e+05 -9.11545e+05
3.636000000e+00  1.2221791e+08  1.15044e+04  1.23126e+08 -9.08117e+05 -9.08117e+05
3.658000000e+00  1.2052500e+08  1.14360e+04  1.21420e+08 -8.95171e+05 -8.95171e+05
3.680000000e+00  1.2069740e+08  1.14489e+04  1.21594e+08 -8.96242e+05 -8.96242e+05
3.702000000e+00  1.2059337e+08  1.14498e+04  1.21489e+08 -8.95567e+05 -8.95567e+05
3.724000000e+00  1.2029621e+08  1.14423e+04  1.21190e+08 -8.93619e+05 -8.93619e+05
3.746000000e+00  1.2030593e+08  1.14482e+04  1.21200e+08 -8.93937e+05 -8.93937e+05
3.768000000e+00  1.1993647e+08  1.14376e+04  1.20828e+08 -8.91311e+05 -8.91311e+05
3.790000000e+00  1.2070305e+08  1.14766e+04  1.21601e+08 -8.97495e+05 -8.97495e+05
3.812000000e+00  1.1924294e+08  1.14185e+04  1.20130e+08 -8.86937e+05 -8.86937e+05
3.834000000e+00  1.1800410e+08  1.13698e+04  1.18882e+08 -8.77642e+05 -8.77642e+05
3.856000000e+00  1.1815966e+08  1.13823e+04  1.19038e+08 -8.78459e+05 -8.78459e+05
3.878000000e+00  1.1777016e+08  1.13709e+04  1.18645e+08 -8.74830e+05 -8.74830e+05
3.900000000e+00  1.1531601e+08  1.12683e+04  1.16172e+08 -8.56395e+05 -8.56395e+05
3.922000000e+00  1.1482753e+08  1.12525e+04  1.15680e+08 -8.52902e+05 -8.52902e+05
3.944000000e+00  1.1328722e+08  1.11898e+04  1.14129e+08 -8.41694e+05 -8.41694e+05
3.966000000e+00  1.1153272e+08  1.11171e+04  1.12362e+08 -8.29150e+05 -8.29150e+05
3.988000000e+00  1.0725435e+08  1.09291e+04  1.08052e+08 -7.97451e+05 -7.97451e+05
4.010000000e+00  1.0688687e+08  1.09185e+04  1.07682e+08 -7.94714e+05 -7.94714e+05
4.032000000e+00  1.0439627e+08  1.08101e+04  1.05172e+08 -7.76027e+05 -7.76027e+05
4.054000000e+00  1.0138068e+08  1.06761e+04  1.02134e+08 -7.53089e+05 -7.53090e+05
4.076000000e+00  9.8000111e+07  1.05231e+04  9.87282e+07 -7.28139e+05 -7.28139e+05
4.098000000e+00  9.7229087e+07  1.04929e+04  9.79516e+07 -7.22482e+05 -7.22482e+05
4.120000000e+00  9.5252527e+07  1.04050e+04  9.59601e+07 -7.07603e+05 -7.07603e+05
4.142000000e+00  9.4719205e+07  1.03860e+04  9.54230e+07 -7.03749e+05 -7.03749e+05
4.164000000e+00  9.1381099e+07  1.02309e+04  9.20618e+07 -6.80718e+05 -6.80718e+05
4.186000000e+00  9.1667071e+07  1.02518e+04  9.23515e+07 -6.84393e+05 -6.84394e+05
4.208000000e+00  8.9354532e+07  1.01453e+04  9.00234e+07 -6.68875e+05 -6.68875e+05
4.230000000e+00  8.9740001e+07  1.01713e+04  9.04129e+07 -6.72906e+05 -6.72906e+05
4.252000000e+00  8.5845766e+07  9.98521e+03  8.64895e+07 -6.43740e+05 -6.43740e+05
4.274000000e+00  8.5837436e+07  9.99200e+03  8.64814e+07 -6.44006e+05 -6.44007e+05
4.296000000e+00  8.4171700e+07  9.91558e+03  8.48030e+07 -6.31291e+05 -6.31291e+05
4.318000000e+00  8.3356749e+07  9.88176e+03  8.39815e+07 -6.24743e+05 -6.24743e+05
4.340000000e+00  8.1649654e+07  9.80245e+03  8.22613e+07 -6.11609e+05 -6.11609e+05
4.362000000e+00  8.0365950e+07  9.74429e+03  8.09677e+07 -6.01719e+05 -6.01719e+05
4.384000000e+00  7.8887734e+07  9.67577e+03  7.94781e+07 -5.90334e+05 -5.90334e+05
4.406000000e+00  7.7443904e+07  9.60859e+03  7.80233e+07 -5.79410e+05 -5.79410e+05
4.428000000e+00  7.4829018e+07  9.47940e+03  7.53885e+07 -5.59479e+05 -5.59479e+05
4.450000000e+00  7.5435170e+07  9.51919e+03  7.59987e+07 -5.63527e+05 -5.63527e+05
4.472000000e+00  7.3714571e+07  9.43636e+03  7.42647e+07 -5.50157e+05 -5.50157e+05
4.494000000e+00  7.2961730e+07  9.40443e+03  7.35055e+07 -5.43814e+05 -5.43815e+05
4.516000000e+00  7.2404684e+07  9.38287e+03  7.29437e+07 -5.39003e+05 -5.39004e+05
4.538000000e+00  7.1326544e+07  9.33343e+03  7.18568e+07 -5.30257e+05 -5.30257e+05
4.560000000e+00  6.9701891e+07  9.25428e+03  7.02197e+07 -5.17844e+05 -5.17844e+05
4.582000000e+00  7.0043013e+07  9.28101e+03  7.05632e+07 -5.20208e+05 -5.20212e+05
4.604000000e+00  6.7916624e+07  9.17418e+03  6.84211e+07 -5.04461e+05 -5.04463e+05
4.626000000e+00  6.7149451e+07  9.14080e+03  6.76484e+07 -4.98967e+05 -4.98967e+05
4.648000000e+00  6.6392372e+07  9.10789e+03  6.68857e+07 -4.93324e+05 -4.93325e+05
4.670000000e+00  6.5148723e+07  9.04805e+03  6.56330e+07 -4.84241e+05 -4.84241e+05
4.692000000e+00  6.5454205e+07  9.07362e+03  6.59411e+07 -4.86940e+05 -4.86941e+05
4.714000000e+00  6.4145881e+07  9.01005e+03  6.46232e+07 -4.77359e+05 -4.77359e+05
4.736000000e+00  6.3450467e+07  8.98026e+03  6.39229e+07 -4.72387e+05 -4.72387e+05
4.758000000e+00  6.2211345e+07  8.91998e+03  6.26745e+07 -4.63193e+05 -4.63194e+05
4.780000000e+00  6.0839921e+07  8.85187e+03  6.12932e+07 -4.53236e+05 -4.53237e+05
4.802000000e+00  6.0738122e+07  8.85525e+03  6.11909e+07 -4.52802e+05 -4.52803e+05
4.824000000e+00  6.0042685e+07  8.82510e+03  6.04904e+07 -4.47731e+05 -4.47732e+05
4.846000000e+00  5.8794965e+07  8.76344e+03  5.92334e+07 -4.38442e+05 -4.38442e+05
4.868000000e+00  5.7759787e+07  8.71359e+03  5.81904e+07 -4.30619e+05 -4.30620e+05
4.890000000e+00  5.7487434e+07  8.70741e+03  5.79157e+07 -4.28314e+05 -4.28315e+05
4.912000000e+00  5.7718492e+07  8.73014e+03  5.81484e+07 -4.29897e+05 -4.29898e+05
4.934000000e+00  5.5864895e+07  8.63296e+03  5.62807e+07 -4.15771e+05 -4.15772e+05
4.956000000e+00  5.4599902e+07  8.56912e+03  5.50061e+07 -4.06172e+05 -4.06173e+05
4.978000000e+00  5.4810623e+07  8.59117e+03  5.52182e+07 -4.07574e+05 -4.07575e+05
5.000000000e+00  5.3543042e+07  8.52696e+03  5.39410e+07 -3.97973e+05 -3.97974e+05
5.022000000e+00  5.1482265e+07  8.41531e+03  5.18648e+07 -3.82514e+05 -3.82515e+05
5.044000000e+00  5.2492926e+07  8.48516e+03  5.28829e+07 -3.90006e+05 -3.90008e+05
5.066000000e+00  5.1582010e+07  8.44142e+03  5.19653e+07 -3.83260e+05 -3.83261e+05
5.088000000e+00  5.0340468e+07  8.37780e+03  5.07147e+07 -3.74213e+05 -3.74214e+05
5.110000000e+00  5.0161287e+07  8.37737e+03  5.05343e+07 -3.72996e+05 -3.72997e+05
5.132000000e+00  4.9256510e+07  8.33358e+03  4.96226e+07 -3.66121e+05 -3.66123e+05
5.154000000e+00  4.8417979e+07  8.29359e+03  4.87781e+07 -3.60138e+05 -3.60140e+05
5.176000000e+00  4.7989115e+07  8.27823e+03  4.83466e+07 -3.57499e+05 -3.57501e+05
5.198000000e+00  4.7934020e+07  8.28547e+03  4.82910e+07 -3.56954e+05 -3.56956e+05
5.220000000e+00  4.7002675e+07  8.23975e+03  4.73528e+07 -3.50132e+05 -3.50134e+05
5.242000000e+00  4.6115417e+07  8.19652e+03  4.64588e+07 -3.43422e+05 -3.43424e+05
5.264000000e+00  4.6402130e+07  8.22478e+03  4.67476e+07 -3.45464e+05 -3.45466e+05
5.286000000e+00  4.4707800e+07  8.13208e+03  4.50404e+07 -3.32579e+05 -3.32581e+05
