# ------------------------------------------------------------------------
# Radiance spectrum
# NASA-GSFC Planetary Spectrum Generator (PSG) (Villanueva et al. 2018, 2022)
# Synthesized on Mon Apr 24 09:22:33 2023
# Doppler velocities [km/s] (vobs,vrot+vorb,vwidth,vrfl,vstr): -21.10000,-0.00000,0.05000,-0.08076,0.00000
# ------------------------------------------------------------------------
# Spectra synthesized with the Planetary and Universal Model of Atmospheric Scattering (PUMAS, Villanueva et al. 2018, 2022)
# Single scattering radiative transfer method
# ------------------------------------------------------------------------
# Spectral unit: Wavelength [um]
# Radiance unit: Contrast [radiance ratio w.r.t. parent star]
# Wave/freq Total Noise Stellar trappist-1e Transit
6.000000000e-01  5.1348244e-03  4.36484e-05  1.00000e+00  5.13482e-03  5.13482e-03
6.220000000e-01  5.1337560e-03  3.98407e-05  1.00000e+00  5.13376e-03  5.13376e-03
6.440000000e-01  5.1327673e-03  3.10610e-05  1.00000e+00  5.13277e-03  5.13277e-03
6.660000000e-01  5.1318566e-03  3.18693e-05  1.00000e+00  5.13186e-03  5.13186e-03
6.880000000e-01  5.1310152e-03  2.78164e-05  1.00000e+00  5.13102e-03  5.13102e-03
7.100000000e-01  5.1303432e-03  2.62109e-05  1.00000e+00  5.13034e-03  5.13034e-03
7.320000000e-01  5.1295603e-03  1.93968e-05  1.00000e+00  5.12956e-03  5.12956e-03
7.540000000e-01  5.1289246e-03  1.55441e-05  1.00000e+00  5.12892e-03  5.12892e-03
7.760000000e-01  5.1286905e-03  1.88106e-05  1.00000e+00  5.12869e-03  5.12869e-03
7.980000000e-01  5.1278989e-03  1.50254e-05  1.00000e+00  5.12790e-03  5.12790e-03
8.200000000e-01  5.1273842e-03  1.38099e-05  1.00000e+00  5.12738e-03  5.12738e-03
8.420000000e-01  5.1269484e-03  1.43121e-05  1.00000e+00  5.12695e-03  5.12695e-03
8.640000000e-01  5.1273810e-03  1.31198e-05  1.00000e+00  5.12738e-03  5.12738e-03
8.860000000e-01  5.1262770e-03  1.28460e-05  1.00000e+00  5.12628e-03  5.12628e-03
9.080000000e-01  5.1259898e-03  1.22315e-05  1.00000e+00  5.12599e-03  5.12599e-03
9.300000000e-01  5.1260794e-03  1.16243e-05  1.00000e+00  5.12608e-03  5.12608e-03
9.520000000e-01  5.1253958e-03  1.12437e-05  1.00000e+00  5.12540e-03  5.12540e-03
9.740000000e-01  5.1251973e-03  1.12188e-05  1.00000e+00  5.12520e-03  5.12520e-03
9.960000000e-01  5.1249608e-03  1.09581e-05  1.00000e+00  5.12496e-03  5.12496e-03
1.018000000e+00  5.1247628e-03  1.06044e-05  1.00000e+00  5.12476e-03  5.12476e-03
1.040000000e+00  5.1266248e-03  1.03224e-05  1.00000e+00  5.12662e-03  5.12662e-03
1.062000000e+00  5.1271409e-03  1.00988e-05  1.00000e+00  5.12714e-03  5.12714e-03
1.084000000e+00  5.1246164e-03  1.00035e-05  1.00000e+00  5.12462e-03  5.12462e-03
1.106000000e+00  5.1248970e-03  1.01970e-05  1.00000e+00  5.12490e-03  5.12490e-03
1.128000000e+00  5.1253985e-03  1.02370e-05  1.00000e+00  5.12540e-03  5.12540e-03
1.150000000e+00  5.1244771e-03  1.01812e-05  1.00000e+00  5.12448e-03  5.12448e-03
1.172000000e+00  5.1238853e-03  1.01019e-05  1.00000e+00  5.12389e-03  5.12389e-03
1.194000000e+00  5.1264389e-03  9.99464e-06  1.00000e+00  5.12644e-03  5.12644e-03
1.216000000e+00  5.1388881e-03  9.75690e-06  1.00000e+00  5.13889e-03  5.13889e-03
1.238000000e+00  5.1286613e-03  9.64191e-06  1.00000e+00  5.12866e-03  5.12866e-03
1.260000000e+00  5.1269070e-03  9.54295e-06  1.00000e+00  5.12691e-03  5.12691e-03
1.282000000e+00  5.1276202e-03  9.45333e-06  1.00000e+00  5.12762e-03  5.12762e-03
1.304000000e+00  5.1280417e-03  9.41291e-06  1.00000e+00  5.12804e-03  5.12804e-03
1.326000000e+00  5.1280736e-03  9.89493e-06  1.00000e+00  5.12807e-03  5.12807e-03
1.348000000e+00  5.1277552e-03  1.14170e-05  1.00000e+00  5.12776e-03  5.12776e-03
1.370000000e+00  5.1257973e-03  1.13407e-05  1.00000e+00  5.12580e-03  5.12580e-03
1.392000000e+00  5.1238619e-03  1.15778e-05  1.00000e+00  5.12386e-03  5.12386e-03
1.414000000e+00  5.1232933e-03  1.19569e-05  1.00000e+00  5.12329e-03  5.12329e-03
1.436000000e+00  5.1531429e-03  1.20157e-05  1.00000e+00  5.15314e-03  5.15314e-03
1.458000000e+00  5.1293158e-03  1.19634e-05  1.00000e+00  5.12932e-03  5.12932e-03
1.480000000e+00  5.1350126e-03  1.19666e-05  1.00000e+00  5.13501e-03  5.13501e-03
1.502000000e+00  5.1279813e-03  1.17489e-05  1.00000e+00  5.12798e-03  5.12798e-03
1.524000000e+00  5.1365084e-03  1.15534e-05  1.00000e+00  5.13651e-03  5.13651e-03
1.546000000e+00  5.1330842e-03  1.14200e-05  1.00000e+00  5.13308e-03  5.13308e-03
1.568000000e+00  5.1469486e-03  1.12076e-05  1.00000e+00  5.14695e-03  5.14695e-03
1.590000000e+00  5.1398912e-03  1.09565e-05  1.00000e+00  5.13989e-03  5.13989e-03
1.612000000e+00  5.1469202e-03  1.07955e-05  1.00000e+00  5.14692e-03  5.14692e-03
1.634000000e+00  5.1420255e-03  1.05447e-05  1.00000e+00  5.14203e-03  5.14203e-03
1.656000000e+00  5.1379223e-03  1.03063e-05  1.00000e+00  5.13792e-03  5.13792e-03
1.678000000e+00  5.1307733e-03  1.01811e-05  1.00000e+00  5.13077e-03  5.13077e-03
1.700000000e+00  5.1274494e-03  1.03996e-05  1.00000e+00  5.12745e-03  5.12745e-03
1.722000000e+00  5.1242319e-03  1.09377e-05  1.00000e+00  5.12423e-03  5.12423e-03
1.744000000e+00  5.1230291e-03  1.14531e-05  1.00000e+00  5.12303e-03  5.12303e-03
1.766000000e+00  5.1241016e-03  1.20546e-05  1.00000e+00  5.12410e-03  5.12410e-03
1.788000000e+00  5.1244120e-03  1.25176e-05  1.00000e+00  5.12441e-03  5.12441e-03
1.810000000e+00  5.1230455e-03  1.28917e-05  1.00000e+00  5.12305e-03  5.12305e-03
1.832000000e+00  5.1227669e-03  1.29158e-05  1.00000e+00  5.12277e-03  5.12277e-03
1.854000000e+00  5.1232631e-03  1.35143e-05  1.00000e+00  5.12326e-03  5.12327e-03
1.876000000e+00  5.1427047e-03  1.33911e-05  1.00000e+00  5.14270e-03  5.14271e-03
1.898000000e+00  5.1359153e-03  1.31635e-05  1.00000e+00  5.13592e-03  5.13592e-03
1.920000000e+00  5.1285271e-03  1.31563e-05  1.00000e+00  5.12853e-03  5.12853e-03
1.942000000e+00  5.1526466e-03  1.31860e-05  1.00000e+00  5.15265e-03  5.15265e-03
1.964000000e+00  5.1641319e-03  1.31716e-05  1.00000e+00  5.16413e-03  5.16413e-03
1.986000000e+00  5.1509106e-03  1.34939e-05  1.00000e+00  5.15091e-03  5.15091e-03
2.008000000e+00  5.1705099e-03  1.36266e-05  1.00000e+00  5.17051e-03  5.17051e-03
2.030000000e+00  5.1592597e-03  1.36266e-05  1.00000e+00  5.15926e-03  5.15926e-03
2.052000000e+00  5.1636824e-03  1.35630e-05  1.00000e+00  5.16368e-03  5.16368e-03
2.074000000e+00  5.1598563e-03  1.35235e-05  1.00000e+00  5.15986e-03  5.15986e-03
2.096000000e+00  5.1512445e-03  1.34041e-05  1.00000e+00  5.15124e-03  5.15124e-03
2.118000000e+00  5.1416542e-03  1.32576e-05  1.00000e+00  5.14165e-03  5.14165e-03
2.140000000e+00  5.1391667e-03  1.31100e-05  1.00000e+00  5.13917e-03  5.13917e-03
2.162000000e+00  5.1417012e-03  1.29246e-05  1.00000e+00  5.14170e-03  5.14170e-03
2.184000000e+00  5.1305236e-03  1.27996e-05  1.00000e+00  5.13052e-03  5.13053e-03
2.206000000e+00  5.1273799e-03  1.26769e-05  1.00000e+00  5.12738e-03  5.12740e-03
2.228000000e+00  5.1252483e-03  1.25168e-05  1.00000e+00  5.12525e-03  5.12527e-03
2.250000000e+00  5.1247728e-03  1.23922e-05  1.00000e+00  5.12477e-03  5.12479e-03
2.272000000e+00  5.1242057e-03  1.23804e-05  1.00000e+00  5.12421e-03  5.12423e-03
2.294000000e+00  5.1232745e-03  1.25272e-05  1.00000e+00  5.12327e-03  5.12329e-03
2.316000000e+00  5.1226480e-03  1.28301e-05  1.00000e+00  5.12265e-03  5.12267e-03
2.338000000e+00  5.1225800e-03  1.31367e-05  1.00000e+00  5.12258e-03  5.12259e-03
2.360000000e+00  5.1227465e-03  1.35113e-05  1.00000e+00  5.12275e-03  5.12275e-03
2.382000000e+00  5.1237716e-03  1.37908e-05  1.00000e+00  5.12377e-03  5.12379e-03
2.404000000e+00  5.1239915e-03  1.44239e-05  1.00000e+00  5.12399e-03  5.12401e-03
2.426000000e+00  5.1226074e-03  1.50620e-05  1.00000e+00  5.12261e-03  5.12261e-03
2.448000000e+00  5.1226408e-03  1.55478e-05  1.00000e+00  5.12264e-03  5.12265e-03
2.470000000e+00  5.1243678e-03  1.62240e-05  1.00000e+00  5.12437e-03  5.12444e-03
2.492000000e+00  5.1344380e-03  1.65372e-05  1.00000e+00  5.13444e-03  5.13445e-03
2.514000000e+00  5.1316526e-03  1.70398e-05  1.00000e+00  5.13165e-03  5.13167e-03
2.536000000e+00  5.1258265e-03  1.72580e-05  1.00000e+00  5.12583e-03  5.12586e-03
2.558000000e+00  5.1258746e-03  1.74413e-05  1.00000e+00  5.12587e-03  5.12592e-03
2.580000000e+00  5.1334396e-03  1.74077e-05  1.00000e+00  5.13344e-03  5.13345e-03
2.602000000e+00  5.1370217e-03  1.73025e-05  1.00000e+00  5.13702e-03  5.13702e-03
2.624000000e+00  5.1365092e-03  1.73114e-05  1.00000e+00  5.13651e-03  5.13651e-03
2.646000000e+00  5.1364317e-03  1.71492e-05  1.00000e+00  5.13643e-03  5.13643e-03
2.668000000e+00  5.1716562e-03  1.72120e-05  1.00000e+00  5.17166e-03  5.17166e-03
2.690000000e+00  5.1846120e-03  1.76044e-05  1.00000e+00  5.18461e-03  5.18461e-03
2.712000000e+00  5.1783290e-03  1.80630e-05  1.00000e+00  5.17833e-03  5.17833e-03
2.734000000e+00  5.1722613e-03  1.83694e-05  1.00000e+00  5.17226e-03  5.17226e-03
2.756000000e+00  5.1822320e-03  1.84444e-05  1.00000e+00  5.18223e-03  5.18223e-03
2.778000000e+00  5.1829120e-03  1.87420e-05  1.00000e+00  5.18291e-03  5.18291e-03
2.800000000e+00  5.1755630e-03  1.87898e-05  1.00000e+00  5.17556e-03  5.17556e-03
2.822000000e+00  5.1702164e-03  1.89864e-05  1.00000e+00  5.17022e-03  5.17022e-03
2.844000000e+00  5.1663842e-03  1.93078e-05  1.00000e+00  5.16638e-03  5.16638e-03
2.866000000e+00  5.1590264e-03  1.91683e-05  1.00000e+00  5.15903e-03  5.15903e-03
2.888000000e+00  5.1497683e-03  1.92134e-05  1.00000e+00  5.14977e-03  5.14977e-03
2.910000000e+00  5.1389108e-03  1.95669e-05  1.00000e+00  5.13891e-03  5.13892e-03
2.932000000e+00  5.1317144e-03  1.96417e-05  1.00000e+00  5.13171e-03  5.13175e-03
2.954000000e+00  5.1361821e-03  1.98150e-05  1.00000e+00  5.13618e-03  5.13620e-03
2.976000000e+00  5.1475829e-03  1.98646e-05  1.00000e+00  5.14758e-03  5.14758e-03
2.998000000e+00  5.1401174e-03  2.00604e-05  1.00000e+00  5.14012e-03  5.14015e-03
3.020000000e+00  5.1422592e-03  2.00509e-05  1.00000e+00  5.14226e-03  5.14227e-03
3.042000000e+00  5.1354644e-03  2.01399e-05  1.00000e+00  5.13546e-03  5.13552e-03
3.064000000e+00  5.1303845e-03  2.01265e-05  1.00000e+00  5.13038e-03  5.13061e-03
3.086000000e+00  5.1254092e-03  2.01681e-05  1.00000e+00  5.12541e-03  5.12575e-03
3.108000000e+00  5.1316111e-03  2.01908e-05  1.00000e+00  5.13161e-03  5.13173e-03
3.130000000e+00  5.1357793e-03  2.02062e-05  1.00000e+00  5.13578e-03  5.13589e-03
3.152000000e+00  5.1344316e-03  2.02796e-05  1.00000e+00  5.13443e-03  5.13458e-03
3.174000000e+00  5.1348891e-03  2.02890e-05  1.00000e+00  5.13489e-03  5.13497e-03
3.196000000e+00  5.1275009e-03  2.03820e-05  1.00000e+00  5.12750e-03  5.12779e-03
3.218000000e+00  5.1268817e-03  2.03089e-05  1.00000e+00  5.12688e-03  5.12722e-03
3.240000000e+00  5.1232323e-03  2.02973e-05  1.00000e+00  5.12323e-03  5.12368e-03
3.262000000e+00  5.1225232e-03  2.01676e-05  1.00000e+00  5.12252e-03  5.12287e-03
3.284000000e+00  5.1224060e-03  2.03468e-05  1.00000e+00  5.12241e-03  5.12264e-03
3.306000000e+00  5.1227831e-03  2.02767e-05  1.00000e+00  5.12278e-03  5.12295e-03
3.328000000e+00  5.1254191e-03  2.02529e-05  1.00000e+00  5.12542e-03  5.12558e-03
3.350000000e+00  5.1288653e-03  2.03571e-05  1.00000e+00  5.12887e-03  5.12908e-03
3.372000000e+00  5.1249152e-03  2.03179e-05  1.00000e+00  5.12492e-03  5.12527e-03
3.394000000e+00  5.1224502e-03  2.03621e-05  1.00000e+00  5.12245e-03  5.12311e-03
3.416000000e+00  5.1214198e-03  2.03403e-05  1.00000e+00  5.12142e-03  5.12263e-03
3.438000000e+00  5.1212270e-03  2.04484e-05  1.00000e+00  5.12123e-03  5.12294e-03
3.460000000e+00  5.1213303e-03  2.04002e-05  1.00000e+00  5.12133e-03  5.12280e-03
3.482000000e+00  5.1219802e-03  2.04720e-05  1.00000e+00  5.12198e-03  5.12256e-03
3.504000000e+00  5.1214256e-03  2.04080e-05  1.00000e+00  5.12143e-03  5.12263e-03
3.526000000e+00  5.1221980e-03  2.05826e-05  1.00000e+00  5.12220e-03  5.12406e-03
3.548000000e+00  5.1262171e-03  2.05917e-05  1.00000e+00  5.12622e-03  5.12784e-03
3.570000000e+00  5.1316432e-03  2.06117e-05  1.00000e+00  5.13164e-03  5.13269e-03
3.592000000e+00  5.1349387e-03  2.06903e-05  1.00000e+00  5.13494e-03  5.13549e-03
3.614000000e+00  5.1373177e-03  2.06178e-05  1.00000e+00  5.13732e-03  5.13776e-03
3.636000000e+00  5.1355330e-03  2.06665e-05  1.00000e+00  5.13553e-03  5.13613e-03
3.658000000e+00  5.1306947e-03  2.08317e-05  1.00000e+00  5.13069e-03  5.13160e-03
3.680000000e+00  5.1266179e-03  2.08244e-05  1.00000e+00  5.12662e-03  5.12848e-03
3.702000000e+00  5.1298590e-03  2.08429e-05  1.00000e+00  5.12986e-03  5.13075e-03
3.724000000e+00  5.1329086e-03  2.08796e-05  1.00000e+00  5.13291e-03  5.13424e-03
3.746000000e+00  5.1355124e-03  2.08877e-05  1.00000e+00  5.13551e-03  5.13688e-03
3.768000000e+00  5.1379058e-03  2.09317e-05  1.00000e+00  5.13791e-03  5.13833e-03
3.790000000e+00  5.1429305e-03  2.08683e-05  1.00000e+00  5.14293e-03  5.14303e-03
3.812000000e+00  5.1454792e-03  2.10163e-05  1.00000e+00  5.14548e-03  5.14555e-03
3.834000000e+00  5.1447093e-03  2.11459e-05  1.00000e+00  5.14471e-03  5.14480e-03
3.856000000e+00  5.1419279e-03  2.11403e-05  1.00000e+00  5.14193e-03  5.14205e-03
3.878000000e+00  5.1331765e-03  2.11884e-05  1.00000e+00  5.13318e-03  5.13385e-03
3.900000000e+00  5.1281301e-03  2.14443e-05  1.00000e+00  5.12813e-03  5.13068e-03
3.922000000e+00  5.1303934e-03  2.15046e-05  1.00000e+00  5.13039e-03  5.13275e-03
3.944000000e+00  5.1348402e-03  2.16752e-05  1.00000e+00  5.13484e-03  5.13565e-03
3.966000000e+00  5.1411432e-03  2.18731e-05  1.00000e+00  5.14114e-03  5.14136e-03
3.988000000e+00  5.1419933e-03  2.23624e-05  1.00000e+00  5.14199e-03  5.14228e-03
4.010000000e+00  5.1421430e-03  2.24168e-05  1.00000e+00  5.14214e-03  5.14238e-03
4.032000000e+00  5.1407864e-03  2.27244e-05  1.00000e+00  5.14079e-03  5.14097e-03
4.054000000e+00  5.1345186e-03  2.31115e-05  1.00000e+00  5.13452e-03  5.13486e-03
4.076000000e+00  5.1378136e-03  2.35676e-05  1.00000e+00  5.13781e-03  5.13797e-03
4.098000000e+00  5.1392536e-03  2.36862e-05  1.00000e+00  5.13925e-03  5.13935e-03
4.120000000e+00  5.1363628e-03  2.39758e-05  1.00000e+00  5.13636e-03  5.13657e-03
4.142000000e+00  5.1384664e-03  2.40665e-05  1.00000e+00  5.13847e-03  5.13857e-03
4.164000000e+00  5.1566743e-03  2.45747e-05  1.00000e+00  5.15667e-03  5.15668e-03
4.186000000e+00  5.1709440e-03  2.45466e-05  1.00000e+00  5.17094e-03  5.17095e-03
4.208000000e+00  5.1862198e-03  2.49213e-05  1.00000e+00  5.18622e-03  5.18622e-03
4.230000000e+00  5.1983960e-03  2.48765e-05  1.00000e+00  5.19840e-03  5.19840e-03
4.252000000e+00  5.1984799e-03  2.55323e-05  1.00000e+00  5.19848e-03  5.19848e-03
4.274000000e+00  5.2012039e-03  2.55514e-05  1.00000e+00  5.20120e-03  5.20120e-03
4.296000000e+00  5.1978769e-03  2.58590e-05  1.00000e+00  5.19788e-03  5.19788e-03
4.318000000e+00  5.1922779e-03  2.60231e-05  1.00000e+00  5.19228e-03  5.19228e-03
4.340000000e+00  5.1881147e-03  2.63554e-05  1.00000e+00  5.18811e-03  5.18812e-03
4.362000000e+00  5.1868296e-03  2.66186e-05  1.00000e+00  5.18683e-03  5.18683e-03
4.384000000e+00  5.1841234e-03  2.69281e-05  1.00000e+00  5.18412e-03  5.18412e-03
4.406000000e+00  5.1835403e-03  2.72410e-05  1.00000e+00  5.18354e-03  5.18354e-03
4.428000000e+00  5.1790025e-03  2.78172e-05  1.00000e+00  5.17900e-03  5.17900e-03
4.450000000e+00  5.1730140e-03  2.77083e-05  1.00000e+00  5.17301e-03  5.17302e-03
4.472000000e+00  5.1664158e-03  2.81106e-05  1.00000e+00  5.16642e-03  5.16642e-03
4.494000000e+00  5.1581530e-03  2.83055e-05  1.00000e+00  5.15815e-03  5.15817e-03
4.516000000e+00  5.1512180e-03  2.84586e-05  1.00000e+00  5.15122e-03  5.15125e-03
4.538000000e+00  5.1434766e-03  2.87381e-05  1.00000e+00  5.14348e-03  5.14357e-03
4.560000000e+00  5.1386182e-03  2.91611e-05  1.00000e+00  5.13862e-03  5.13886e-03
4.582000000e+00  5.1347729e-03  2.91020e-05  1.00000e+00  5.13477e-03  5.13521e-03
4.604000000e+00  5.1345921e-03  2.96712e-05  1.00000e+00  5.13459e-03  5.13519e-03
4.626000000e+00  5.1388786e-03  2.99020e-05  1.00000e+00  5.13888e-03  5.13923e-03
4.648000000e+00  5.1389861e-03  3.01352e-05  1.00000e+00  5.13899e-03  5.13932e-03
4.670000000e+00  5.1412316e-03  3.05109e-05  1.00000e+00  5.14123e-03  5.14150e-03
4.692000000e+00  5.1471317e-03  3.04532e-05  1.00000e+00  5.14713e-03  5.14726e-03
4.714000000e+00  5.1494832e-03  3.08591e-05  1.00000e+00  5.14948e-03  5.14956e-03
4.736000000e+00  5.1521680e-03  3.10953e-05  1.00000e+00  5.15217e-03  5.15222e-03
4.758000000e+00  5.1527074e-03  3.15044e-05  1.00000e+00  5.15271e-03  5.15276e-03
4.780000000e+00  5.1565003e-03  3.19715e-05  1.00000e+00  5.15650e-03  5.15654e-03
4.802000000e+00  5.1618294e-03  3.20372e-05  1.00000e+00  5.16183e-03  5.16186e-03
4.824000000e+00  5.1639776e-03  3.22995e-05  1.00000e+00  5.16398e-03  5.16400e-03
4.846000000e+00  5.1642637e-03  3.27576e-05  1.00000e+00  5.16426e-03  5.16429e-03
4.868000000e+00  5.1618636e-03  3.31578e-05  1.00000e+00  5.16186e-03  5.16190e-03
4.890000000e+00  5.1576876e-03  3.32920e-05  1.00000e+00  5.15769e-03  5.15774e-03
4.912000000e+00  5.1554099e-03  3.32446e-05  1.00000e+00  5.15541e-03  5.15549e-03
4.934000000e+00  5.1501183e-03  3.39710e-05  1.00000e+00  5.15012e-03  5.15027e-03
4.956000000e+00  5.1466463e-03  3.45051e-05  1.00000e+00  5.14665e-03  5.14695e-03
4.978000000e+00  5.1434236e-03  3.44602e-05  1.00000e+00  5.14342e-03  5.14404e-03
5.000000000e+00  5.1392479e-03  3.50167e-05  1.00000e+00  5.13925e-03  5.14050e-03
5.022000000e+00  5.1354068e-03  3.59490e-05  1.00000e+00  5.13541e-03  5.13731e-03
5.044000000e+00  5.1351818e-03  3.55458e-05  1.00000e+00  5.13518e-03  5.13692e-03
5.066000000e+00  5.1366512e-03  3.59904e-05  1.00000e+00  5.13665e-03  5.13795e-03
5.088000000e+00  5.1410051e-03  3.66047e-05  1.00000e+00  5.14101e-03  5.14177e-03
5.110000000e+00  5.1433269e-03  3.67343e-05  1.00000e+00  5.14333e-03  5.14393e-03
5.132000000e+00  5.1390435e-03  3.72173e-05  1.00000e+00  5.13904e-03  5.14051e-03
5.154000000e+00  5.1451755e-03  3.76836e-05  1.00000e+00  5.14518e-03  5.14587e-03
5.176000000e+00  5.1569283e-03  3.79515e-05  1.00000e+00  5.15693e-03  5.15708e-03
5.198000000e+00  5.1546306e-03  3.80288e-05  1.00000e+00  5.15463e-03  5.15477e-03
5.220000000e+00  5.1566918e-03  3.85726e-05  1.00000e+00  5.15669e-03  5.15680e-03
5.242000000e+00  5.1544320e-03  3.91129e-05  1.00000e+00  5.15443e-03  5.15457e-03
5.264000000e+00  5.1523708e-03  3.90041e-05  1.00000e+00  5.15237e-03  5.15258e-03
5.286000000e+00  5.1463784e-03  4.00349e-05  1.00000e+00  5.14638e-03  5.14690e-03
