# ------------------------------------------------------------------------
# Radiance spectrum
# NASA-GSFC Planetary Spectrum Generator (PSG) (Villanueva et al. 2018, 2022)
# Synthesized on Mon Mar 13 14:12:45 2023
# Doppler velocities [km/s] (vobs,vrot+vorb,vwidth,vrfl,vstr): -21.10000,-0.00000,0.19000,-0.32363,0.00000
# Spectral unit: Wavelength [um]
# Radiance unit: Contrast [radiance ratio w.r.t. parent star]
# Wave/freq Total Noise Stellar Object Reflected Thermal Transit
6.000000000e-01  4.9310230e-03  8.42000e-05  1.00000e+00  4.93102e-03 -0.00000e+00 -4.34784e-44  4.93102e-03
6.220000000e-01  4.9310230e-03  7.68977e-05  1.00000e+00  4.93102e-03 -0.00000e+00 -1.28706e-42  4.93102e-03
6.440000000e-01  4.9310230e-03  6.00287e-05  1.00000e+00  4.93102e-03 -0.00000e+00 -2.24331e-41  4.93102e-03
6.660000000e-01  4.9310230e-03  6.15836e-05  1.00000e+00  4.93102e-03 -0.00000e+00 -5.08141e-40  4.93102e-03
6.880000000e-01  4.9310230e-03  5.37828e-05  1.00000e+00  4.93102e-03 -0.00000e+00 -7.02865e-39  4.93102e-03
7.100000000e-01  4.9310230e-03  5.06897e-05  1.00000e+00  4.93102e-03 -0.00000e+00 -9.29490e-38  4.93102e-03
7.320000000e-01  4.9310230e-03  3.75442e-05  1.00000e+00  4.93102e-03 -0.00000e+00 -6.60402e-37  4.93102e-03
7.540000000e-01  4.9310230e-03  3.00993e-05  1.00000e+00  4.93102e-03 -0.00000e+00 -4.63910e-36  4.93102e-03
7.760000000e-01  4.9310230e-03  3.64118e-05  1.00000e+00  4.93102e-03 -0.00000e+00 -6.26962e-35  4.93102e-03
7.980000000e-01  4.9310230e-03  2.90965e-05  1.00000e+00  4.93102e-03 -0.00000e+00 -3.35654e-34  4.93102e-03
8.200000000e-01  4.9310230e-03  2.67456e-05  1.00000e+00  4.93102e-03 -0.00000e+00 -2.09289e-33  4.93102e-03
8.420000000e-01  4.9310230e-03  2.77170e-05  1.00000e+00  4.93102e-03 -0.00000e+00 -1.48099e-32  4.93102e-03
8.640000000e-01  4.9310230e-03  2.54107e-05  1.00000e+00  4.93102e-03 -0.00000e+00 -7.47547e-32  4.93102e-03
8.860000000e-01  4.9310230e-03  2.48810e-05  1.00000e+00  4.93102e-03 -0.00000e+00 -3.91543e-31  4.93102e-03
9.080000000e-01  4.9310230e-03  2.36919e-05  1.00000e+00  4.93102e-03 -0.00000e+00 -1.78401e-30  4.93102e-03
9.300000000e-01  4.9310230e-03  2.25170e-05  1.00000e+00  4.93102e-03 -0.00000e+00 -7.48506e-30  4.93102e-03
9.520000000e-01  4.9310230e-03  2.17803e-05  1.00000e+00  4.93102e-03 -0.00000e+00 -3.02146e-29  4.93102e-03
9.740000000e-01  4.9310230e-03  2.17321e-05  1.00000e+00  4.93102e-03 -0.00000e+00 -1.21107e-28  4.93102e-03
9.960000000e-01  4.9310230e-03  2.12276e-05  1.00000e+00  4.93102e-03 -0.00000e+00 -4.36877e-28  4.93102e-03
1.018000000e+00  4.9310230e-03  2.05429e-05  1.00000e+00  4.93102e-03 -0.00000e+00 -1.45815e-27  4.93102e-03
1.040000000e+00  4.9310230e-03  1.99971e-05  1.00000e+00  4.93102e-03 -0.00000e+00 -4.65702e-27  4.93102e-03
1.062000000e+00  4.9310230e-03  1.95642e-05  1.00000e+00  4.93102e-03 -0.00000e+00 -1.42595e-26  4.93102e-03
1.084000000e+00  4.9310230e-03  1.93797e-05  1.00000e+00  4.93102e-03 -0.00000e+00 -4.26102e-26  4.93102e-03
1.106000000e+00  4.9310230e-03  1.97543e-05  1.00000e+00  4.93102e-03 -0.00000e+00 -1.28679e-25  4.93102e-03
1.128000000e+00  4.9310230e-03  1.98317e-05  1.00000e+00  4.93102e-03 -0.00000e+00 -3.61147e-25  4.93102e-03
1.150000000e+00  4.9310230e-03  1.97237e-05  1.00000e+00  4.93102e-03 -0.00000e+00 -9.55366e-25  4.93102e-03
1.172000000e+00  4.9310230e-03  1.95702e-05  1.00000e+00  4.93102e-03 -0.00000e+00 -2.42093e-24  4.93102e-03
1.194000000e+00  4.9310230e-03  1.93625e-05  1.00000e+00  4.93102e-03 -0.00000e+00 -5.88319e-24  4.93102e-03
1.216000000e+00  4.9310230e-03  1.89024e-05  1.00000e+00  4.93102e-03 -0.00000e+00 -1.34557e-23  4.93102e-03
1.238000000e+00  4.9310230e-03  1.86796e-05  1.00000e+00  4.93102e-03 -0.00000e+00 -3.05203e-23  4.93102e-03
1.260000000e+00  4.9310230e-03  1.84880e-05  1.00000e+00  4.93102e-03 -0.00000e+00 -6.73409e-23  4.93102e-03
1.282000000e+00  4.9310230e-03  1.83145e-05  1.00000e+00  4.93102e-03 -0.00000e+00 -1.44578e-22  4.93102e-03
1.304000000e+00  4.9310230e-03  1.82363e-05  1.00000e+00  4.93102e-03 -0.00000e+00 -3.05050e-22  4.93102e-03
1.326000000e+00  4.9310230e-03  1.91695e-05  1.00000e+00  4.93102e-03 -0.00000e+00 -6.97833e-22  4.93102e-03
1.348000000e+00  4.9310230e-03  2.21158e-05  1.00000e+00  4.93102e-03 -0.00000e+00 -1.86996e-21  4.93102e-03
1.370000000e+00  4.9310230e-03  2.19681e-05  1.00000e+00  4.93102e-03 -0.00000e+00 -3.64425e-21  4.93102e-03
1.392000000e+00  4.9310230e-03  2.24270e-05  1.00000e+00  4.93102e-03 -0.00000e+00 -7.32763e-21  4.93102e-03
1.414000000e+00  4.9310230e-03  2.31606e-05  1.00000e+00  4.93102e-03 -0.00000e+00 -1.47505e-20  4.93102e-03
1.436000000e+00  4.9310230e-03  2.32747e-05  1.00000e+00  4.93102e-03 -0.00000e+00 -2.75744e-20  4.93102e-03
1.458000000e+00  4.9310230e-03  2.31731e-05  1.00000e+00  4.93102e-03 -0.00000e+00 -4.96384e-20  4.93102e-03
1.480000000e+00  4.9310230e-03  2.31794e-05  1.00000e+00  4.93102e-03 -0.00000e+00 -8.85106e-20  4.93102e-03
1.502000000e+00  4.9310230e-03  2.27581e-05  1.00000e+00  4.93102e-03 -0.00000e+00 -1.49477e-19  4.93102e-03
1.524000000e+00  4.9310230e-03  2.23799e-05  1.00000e+00  4.93102e-03 -0.00000e+00 -2.48949e-19  4.93102e-03
1.546000000e+00  4.9310230e-03  2.21215e-05  1.00000e+00  4.93102e-03 -0.00000e+00 -4.12059e-19  4.93102e-03
1.568000000e+00  4.9310230e-03  2.17107e-05  1.00000e+00  4.93102e-03 -0.00000e+00 -6.62134e-19  4.93102e-03
1.590000000e+00  4.9310230e-03  2.12247e-05  1.00000e+00  4.93102e-03 -0.00000e+00 -1.04019e-18  4.93102e-03
1.612000000e+00  4.9310230e-03  2.09131e-05  1.00000e+00  4.93102e-03 -0.00000e+00 -1.63595e-18  4.93102e-03
1.634000000e+00  4.9310230e-03  2.04275e-05  1.00000e+00  4.93102e-03 -0.00000e+00 -2.49471e-18  4.93102e-03
1.656000000e+00  4.9310230e-03  1.99661e-05  1.00000e+00  4.93102e-03 -0.00000e+00 -3.75921e-18  4.93102e-03
1.678000000e+00  4.9310230e-03  1.97235e-05  1.00000e+00  4.93102e-03 -0.00000e+00 -5.71189e-18  4.93102e-03
1.700000000e+00  4.9310230e-03  2.01465e-05  1.00000e+00  4.93102e-03 -0.00000e+00 -9.15863e-18  4.93102e-03
1.722000000e+00  4.9310230e-03  2.11881e-05  1.00000e+00  4.93102e-03 -0.00000e+00 -1.53733e-17  4.93102e-03
1.744000000e+00  4.9310230e-03  2.21856e-05  1.00000e+00  4.93102e-03 -0.00000e+00 -2.52937e-17  4.93102e-03
1.766000000e+00  4.9310230e-03  2.33496e-05  1.00000e+00  4.93102e-03 -0.00000e+00 -4.15805e-17  4.93102e-03
1.788000000e+00  4.9310230e-03  2.42456e-05  1.00000e+00  4.93102e-03 -0.00000e+00 -6.58740e-17  4.93102e-03
1.810000000e+00  4.9310230e-03  2.49693e-05  1.00000e+00  4.93102e-03 -0.00000e+00 -1.01660e-16  4.93102e-03
1.832000000e+00  4.9310230e-03  2.50159e-05  1.00000e+00  4.93102e-03 -0.00000e+00 -1.47224e-16  4.93102e-03
1.854000000e+00  4.9310230e-03  2.61738e-05  1.00000e+00  4.93102e-03 -0.00000e+00 -2.29936e-16  4.93102e-03
1.876000000e+00  4.9310230e-03  2.59358e-05  1.00000e+00  4.93102e-03 -0.00000e+00 -3.20035e-16  4.93102e-03
1.898000000e+00  4.9310230e-03  2.54953e-05  1.00000e+00  4.93102e-03 -0.00000e+00 -4.34765e-16  4.93102e-03
1.920000000e+00  4.9310230e-03  2.54814e-05  1.00000e+00  4.93102e-03 -0.00000e+00 -6.05021e-16  4.93102e-03
1.942000000e+00  4.9310230e-03  2.55390e-05  1.00000e+00  4.93102e-03 -0.00000e+00 -8.39808e-16  4.93102e-03
1.964000000e+00  4.9310230e-03  2.55114e-05  1.00000e+00  4.93102e-03 -0.00000e+00 -1.14918e-15  4.93102e-03
1.986000000e+00  4.9310230e-03  2.61346e-05  1.00000e+00  4.93102e-03 -0.00000e+00 -1.63960e-15  4.93102e-03
2.008000000e+00  4.9310230e-03  2.63916e-05  1.00000e+00  4.93102e-03 -0.00000e+00 -2.25820e-15  4.93102e-03
2.030000000e+00  4.9310230e-03  2.63915e-05  1.00000e+00  4.93102e-03 -0.00000e+00 -3.03002e-15  4.93102e-03
2.052000000e+00  4.9310230e-03  2.62684e-05  1.00000e+00  4.93102e-03 -0.00000e+00 -4.00157e-15  4.93102e-03
2.074000000e+00  4.9310230e-03  2.61920e-05  1.00000e+00  4.93102e-03 -0.00000e+00 -5.26822e-15  4.93102e-03
2.096000000e+00  4.9310230e-03  2.59609e-05  1.00000e+00  4.93102e-03 -0.00000e+00 -6.81236e-15  4.93102e-03
2.118000000e+00  4.9310230e-03  2.56774e-05  1.00000e+00  4.93102e-03 -0.00000e+00 -8.71896e-15  4.93102e-03
2.140000000e+00  4.9310230e-03  2.53919e-05  1.00000e+00  4.93102e-03 -0.00000e+00 -1.10887e-14  4.93102e-03
2.162000000e+00  4.9310230e-03  2.50332e-05  1.00000e+00  4.93102e-03 -0.00000e+00 -1.39380e-14  4.93102e-03
2.184000000e+00  4.9310230e-03  2.47912e-05  1.00000e+00  4.93102e-03 -0.00000e+00 -1.75762e-14  4.93102e-03
2.206000000e+00  4.9310230e-03  2.45538e-05  1.00000e+00  4.93102e-03 -0.00000e+00 -2.20486e-14  4.93102e-03
2.228000000e+00  4.9310230e-03  2.42441e-05  1.00000e+00  4.93102e-03 -0.00000e+00 -2.73490e-14  4.93102e-03
2.250000000e+00  4.9310230e-03  2.40030e-05  1.00000e+00  4.93102e-03 -0.00000e+00 -3.39301e-14  4.93102e-03
2.272000000e+00  4.9310230e-03  2.39801e-05  1.00000e+00  4.93102e-03 -0.00000e+00 -4.26366e-14  4.93102e-03
2.294000000e+00  4.9310230e-03  2.42641e-05  1.00000e+00  4.93102e-03 -0.00000e+00 -5.46671e-14  4.93102e-03
2.316000000e+00  4.9310230e-03  2.48501e-05  1.00000e+00  4.93102e-03 -0.00000e+00 -7.14377e-14  4.93102e-03
2.338000000e+00  4.9310230e-03  2.54434e-05  1.00000e+00  4.93102e-03 -0.00000e+00 -9.28794e-14  4.93102e-03
2.360000000e+00  4.9310230e-03  2.61680e-05  1.00000e+00  4.93102e-03 -0.00000e+00 -1.21281e-13  4.93102e-03
2.382000000e+00  4.9310230e-03  2.67087e-05  1.00000e+00  4.93102e-03 -0.00000e+00 -1.55355e-13  4.93102e-03
2.404000000e+00  4.9310230e-03  2.79332e-05  1.00000e+00  4.93102e-03 -0.00000e+00 -2.07807e-13  4.93102e-03
2.426000000e+00  4.9310230e-03  2.91671e-05  1.00000e+00  4.93102e-03 -0.00000e+00 -2.75936e-13  4.93102e-03
2.448000000e+00  4.9310230e-03  3.01064e-05  1.00000e+00  4.93102e-03 -0.00000e+00 -3.56839e-13  4.93102e-03
2.470000000e+00  4.9310230e-03  3.14137e-05  1.00000e+00  4.93102e-03 -0.00000e+00 -4.69370e-13  4.93102e-03
2.492000000e+00  4.9310230e-03  3.20193e-05  1.00000e+00  4.93102e-03 -0.00000e+00 -5.87805e-13  4.93102e-03
2.514000000e+00  4.9310230e-03  3.29906e-05  1.00000e+00  4.93102e-03 -0.00000e+00 -7.48868e-13  4.93102e-03
2.536000000e+00  4.9310230e-03  3.34121e-05  1.00000e+00  4.93102e-03 -0.00000e+00 -9.19674e-13  4.93102e-03
2.558000000e+00  4.9310230e-03  3.37663e-05  1.00000e+00  4.93102e-03 -0.00000e+00 -1.12092e-12  4.93102e-03
2.580000000e+00  4.9310230e-03  3.37016e-05  1.00000e+00  4.93102e-03 -0.00000e+00 -1.32939e-12  4.93102e-03
2.602000000e+00  4.9310230e-03  3.34983e-05  1.00000e+00  4.93102e-03 -0.00000e+00 -1.55907e-12  4.93102e-03
2.624000000e+00  4.9310230e-03  3.35155e-05  1.00000e+00  4.93102e-03 -0.00000e+00 -1.84589e-12  4.93102e-03
2.646000000e+00  4.9310230e-03  3.32020e-05  1.00000e+00  4.93102e-03 -0.00000e+00 -2.13754e-12  4.93102e-03
2.668000000e+00  4.9310230e-03  3.33241e-05  1.00000e+00  4.93102e-03 -0.00000e+00 -2.53081e-12  4.93102e-03
2.690000000e+00  4.9310230e-03  3.40825e-05  1.00000e+00  4.93102e-03 -0.00000e+00 -3.09799e-12  4.93102e-03
2.712000000e+00  4.9310230e-03  3.49685e-05  1.00000e+00  4.93102e-03 -0.00000e+00 -3.80425e-12  4.93102e-03
2.734000000e+00  4.9310230e-03  3.55604e-05  1.00000e+00  4.93102e-03 -0.00000e+00 -4.57958e-12  4.93102e-03
2.756000000e+00  4.9310230e-03  3.57054e-05  1.00000e+00  4.93102e-03 -0.00000e+00 -5.36547e-12  4.93102e-03
2.778000000e+00  4.9310230e-03  3.62802e-05  1.00000e+00  4.93102e-03 -0.00000e+00 -6.41421e-12  4.93102e-03
2.800000000e+00  4.9310230e-03  3.63725e-05  1.00000e+00  4.93102e-03 -0.00000e+00 -7.45394e-12  4.93102e-03
2.822000000e+00  4.9310230e-03  3.67522e-05  1.00000e+00  4.93102e-03 -0.00000e+00 -8.77111e-12  4.93102e-03
2.844000000e+00  4.9310230e-03  3.73729e-05  1.00000e+00  4.93102e-03 -0.00000e+00 -1.04215e-11  4.93102e-03
2.866000000e+00  4.9310230e-03  3.71034e-05  1.00000e+00  4.93102e-03 -0.00000e+00 -1.17995e-11  4.93102e-03
2.888000000e+00  4.9310230e-03  3.71903e-05  1.00000e+00  4.93102e-03 -0.00000e+00 -1.35745e-11  4.93102e-03
2.910000000e+00  4.9310230e-03  3.78727e-05  1.00000e+00  4.93102e-03 -0.00000e+00 -1.60596e-11  4.93102e-03
2.932000000e+00  4.9310230e-03  3.80171e-05  1.00000e+00  4.93102e-03 -0.00000e+00 -1.84437e-11  4.93102e-03
2.954000000e+00  4.9310230e-03  3.83515e-05  1.00000e+00  4.93102e-03 -0.00000e+00 -2.13286e-11  4.93102e-03
2.976000000e+00  4.9310230e-03  3.84467e-05  1.00000e+00  4.93102e-03 -0.00000e+00 -2.43108e-11  4.93102e-03
2.998000000e+00  4.9310230e-03  3.88240e-05  1.00000e+00  4.93102e-03 -0.00000e+00 -2.80378e-11  4.93102e-03
3.020000000e+00  4.9310230e-03  3.88050e-05  1.00000e+00  4.93102e-03 -0.00000e+00 -3.16468e-11  4.93102e-03
3.042000000e+00  4.9310230e-03  3.89759e-05  1.00000e+00  4.93102e-03 -0.00000e+00 -3.59816e-11  4.93102e-03
3.064000000e+00  4.9310230e-03  3.89494e-05  1.00000e+00  4.93102e-03 -0.00000e+00 -4.04388e-11  4.93102e-03
3.086000000e+00  4.9310230e-03  3.90288e-05  1.00000e+00  4.93102e-03 -0.00000e+00 -4.55961e-11  4.93102e-03
3.108000000e+00  4.9310229e-03  3.90721e-05  1.00000e+00  4.93102e-03 -0.00000e+00 -5.12252e-11  4.93102e-03
3.130000000e+00  4.9310229e-03  3.91011e-05  1.00000e+00  4.93102e-03 -0.00000e+00 -5.74046e-11  4.93102e-03
3.152000000e+00  4.9310229e-03  3.92420e-05  1.00000e+00  4.93102e-03 -0.00000e+00 -6.45624e-11  4.93102e-03
3.174000000e+00  4.9310229e-03  3.92593e-05  1.00000e+00  4.93102e-03 -0.00000e+00 -7.20546e-11  4.93102e-03
3.196000000e+00  4.9310229e-03  3.94381e-05  1.00000e+00  4.93102e-03 -0.00000e+00 -8.09029e-11  4.93102e-03
3.218000000e+00  4.9310229e-03  3.92962e-05  1.00000e+00  4.93102e-03 -0.00000e+00 -8.93028e-11  4.93102e-03
3.240000000e+00  4.9310229e-03  3.92730e-05  1.00000e+00  4.93102e-03 -0.00000e+00 -9.89753e-11  4.93102e-03
3.262000000e+00  4.9310229e-03  3.90219e-05  1.00000e+00  4.93102e-03 -0.00000e+00 -1.08325e-10  4.93102e-03
3.284000000e+00  4.9310229e-03  3.93670e-05  1.00000e+00  4.93102e-03 -0.00000e+00 -1.21815e-10  4.93102e-03
3.306000000e+00  4.9310229e-03  3.92309e-05  1.00000e+00  4.93102e-03 -0.00000e+00 -1.33653e-10  4.93102e-03
3.328000000e+00  4.9310229e-03  3.91844e-05  1.00000e+00  4.93102e-03 -0.00000e+00 -1.47049e-10  4.93102e-03
3.350000000e+00  4.9310228e-03  3.93846e-05  1.00000e+00  4.93102e-03 -0.00000e+00 -1.63468e-10  4.93102e-03
3.372000000e+00  4.9310228e-03  3.93081e-05  1.00000e+00  4.93102e-03 -0.00000e+00 -1.79075e-10  4.93102e-03
3.394000000e+00  4.9310228e-03  3.93927e-05  1.00000e+00  4.93102e-03 -0.00000e+00 -1.97404e-10  4.93102e-03
3.416000000e+00  4.9310228e-03  3.93498e-05  1.00000e+00  4.93102e-03 -0.00000e+00 -2.15994e-10  4.93102e-03
3.438000000e+00  4.9310228e-03  3.95575e-05  1.00000e+00  4.93102e-03 -0.00000e+00 -2.38838e-10  4.93102e-03
3.460000000e+00  4.9310227e-03  3.94638e-05  1.00000e+00  4.93102e-03 -0.00000e+00 -2.60003e-10  4.93102e-03
3.482000000e+00  4.9310227e-03  3.96015e-05  1.00000e+00  4.93102e-03 -0.00000e+00 -2.85787e-10  4.93102e-03
3.504000000e+00  4.9310227e-03  3.94771e-05  1.00000e+00  4.93102e-03 -0.00000e+00 -3.09865e-10  4.93102e-03
3.526000000e+00  4.9310227e-03  3.98132e-05  1.00000e+00  4.93102e-03 -0.00000e+00 -3.42907e-10  4.93102e-03
3.548000000e+00  4.9310226e-03  3.98299e-05  1.00000e+00  4.93102e-03 -0.00000e+00 -3.73349e-10  4.93102e-03
3.570000000e+00  4.9310226e-03  3.98677e-05  1.00000e+00  4.93102e-03 -0.00000e+00 -4.06404e-10  4.93102e-03
3.592000000e+00  4.9310226e-03  4.00185e-05  1.00000e+00  4.93102e-03 -0.00000e+00 -4.44189e-10  4.93102e-03
3.614000000e+00  4.9310225e-03  3.98780e-05  1.00000e+00  4.93102e-03 -0.00000e+00 -4.78393e-10  4.93102e-03
3.636000000e+00  4.9310225e-03  3.99711e-05  1.00000e+00  4.93102e-03 -0.00000e+00 -5.20271e-10  4.93102e-03
3.658000000e+00  4.9310224e-03  4.02885e-05  1.00000e+00  4.93102e-03 -0.00000e+00 -5.71055e-10  4.93102e-03
3.680000000e+00  4.9310224e-03  4.02735e-05  1.00000e+00  4.93102e-03 -0.00000e+00 -6.16557e-10  4.93102e-03
3.702000000e+00  4.9310223e-03  4.03083e-05  1.00000e+00  4.93102e-03 -0.00000e+00 -6.66498e-10  4.93102e-03
3.724000000e+00  4.9310223e-03  4.03783e-05  1.00000e+00  4.93102e-03 -0.00000e+00 -7.20882e-10  4.93102e-03
3.746000000e+00  4.9310222e-03  4.03930e-05  1.00000e+00  4.93102e-03 -0.00000e+00 -7.76919e-10  4.93102e-03
3.768000000e+00  4.9310222e-03  4.04769e-05  1.00000e+00  4.93102e-03 -0.00000e+00 -8.39110e-10  4.93102e-03
3.790000000e+00  4.9310221e-03  4.03540e-05  1.00000e+00  4.93102e-03 -0.00000e+00 -8.96863e-10  4.93102e-03
3.812000000e+00  4.9310220e-03  4.06383e-05  1.00000e+00  4.93102e-03 -0.00000e+00 -9.75581e-10  4.93102e-03
3.834000000e+00  4.9310219e-03  4.08871e-05  1.00000e+00  4.93102e-03 -0.00000e+00 -1.05837e-09  4.93102e-03
3.856000000e+00  4.9310219e-03  4.08755e-05  1.00000e+00  4.93102e-03 -0.00000e+00 -1.13368e-09  4.93102e-03
3.878000000e+00  4.9310218e-03  4.09670e-05  1.00000e+00  4.93102e-03 -0.00000e+00 -1.21886e-09  4.93102e-03
3.900000000e+00  4.9310217e-03  4.14588e-05  1.00000e+00  4.93102e-03 -0.00000e+00 -1.33270e-09  4.93102e-03
3.922000000e+00  4.9310216e-03  4.15739e-05  1.00000e+00  4.93102e-03 -0.00000e+00 -1.43160e-09  4.93102e-03
3.944000000e+00  4.9310214e-03  4.19016e-05  1.00000e+00  4.93102e-03 -0.00000e+00 -1.55078e-09  4.93102e-03
3.966000000e+00  4.9310213e-03  4.22817e-05  1.00000e+00  4.93102e-03 -0.00000e+00 -1.68197e-09  4.93102e-03
3.988000000e+00  4.9310211e-03  4.32225e-05  1.00000e+00  4.93102e-03 -0.00000e+00 -1.86607e-09  4.93102e-03
4.010000000e+00  4.9310210e-03  4.33262e-05  1.00000e+00  4.93102e-03 -0.00000e+00 -1.99609e-09  4.93102e-03
4.032000000e+00  4.9310208e-03  4.39170e-05  1.00000e+00  4.93102e-03 -0.00000e+00 -2.17684e-09  4.93102e-03
4.054000000e+00  4.9310206e-03  4.46605e-05  1.00000e+00  4.93102e-03 -0.00000e+00 -2.38571e-09  4.93102e-03
4.076000000e+00  4.9310204e-03  4.55365e-05  1.00000e+00  4.93102e-03 -0.00000e+00 -2.62458e-09  4.93102e-03
4.098000000e+00  4.9310202e-03  4.57635e-05  1.00000e+00  4.93102e-03 -0.00000e+00 -2.81105e-09  4.93102e-03
4.120000000e+00  4.9310200e-03  4.63191e-05  1.00000e+00  4.93102e-03 -0.00000e+00 -3.04674e-09  4.93102e-03
4.142000000e+00  4.9310197e-03  4.64923e-05  1.00000e+00  4.93102e-03 -0.00000e+00 -3.25083e-09  4.93102e-03
4.164000000e+00  4.9310194e-03  4.74681e-05  1.00000e+00  4.93102e-03 -0.00000e+00 -3.57247e-09  4.93102e-03
4.186000000e+00  4.9310192e-03  4.74131e-05  1.00000e+00  4.93102e-03 -0.00000e+00 -3.77302e-09  4.93102e-03
4.208000000e+00  4.9310189e-03  4.81322e-05  1.00000e+00  4.93102e-03 -0.00000e+00 -4.09782e-09  4.93102e-03
4.230000000e+00  4.9310187e-03  4.80450e-05  1.00000e+00  4.93102e-03 -0.00000e+00 -4.31666e-09  4.93102e-03
4.252000000e+00  4.9310182e-03  4.93033e-05  1.00000e+00  4.93102e-03 -0.00000e+00 -4.77074e-09  4.93102e-03
4.274000000e+00  4.9310180e-03  4.93387e-05  1.00000e+00  4.93102e-03 -0.00000e+00 -5.04082e-09  4.93102e-03
4.296000000e+00  4.9310176e-03  4.99278e-05  1.00000e+00  4.93102e-03 -0.00000e+00 -5.42748e-09  4.93102e-03
4.318000000e+00  4.9310172e-03  5.02414e-05  1.00000e+00  4.93102e-03 -0.00000e+00 -5.78263e-09  4.93102e-03
4.340000000e+00  4.9310168e-03  5.08778e-05  1.00000e+00  4.93102e-03 -0.00000e+00 -6.22490e-09  4.93102e-03
4.362000000e+00  4.9310163e-03  5.13813e-05  1.00000e+00  4.93102e-03 -0.00000e+00 -6.66435e-09  4.93102e-03
4.384000000e+00  4.9310159e-03  5.19736e-05  1.00000e+00  4.93102e-03 -0.00000e+00 -7.14977e-09  4.93102e-03
4.406000000e+00  4.9310153e-03  5.25724e-05  1.00000e+00  4.93102e-03 -0.00000e+00 -7.66508e-09  4.93102e-03
4.428000000e+00  4.9310147e-03  5.36758e-05  1.00000e+00  4.93101e-03 -0.00000e+00 -8.34400e-09  4.93102e-03
4.450000000e+00  4.9310143e-03  5.34652e-05  1.00000e+00  4.93101e-03 -0.00000e+00 -8.70066e-09  4.93102e-03
4.472000000e+00  4.9310136e-03  5.42348e-05  1.00000e+00  4.93101e-03 -0.00000e+00 -9.35404e-09  4.93102e-03
4.494000000e+00  4.9310131e-03  5.46066e-05  1.00000e+00  4.93101e-03 -0.00000e+00 -9.92278e-09  4.93102e-03
4.516000000e+00  4.9310125e-03  5.48982e-05  1.00000e+00  4.93101e-03 -0.00000e+00 -1.04928e-08  4.93102e-03
4.538000000e+00  4.9310118e-03  5.54320e-05  1.00000e+00  4.93101e-03 -0.00000e+00 -1.11709e-08  4.93102e-03
4.560000000e+00  4.9310110e-03  5.62407e-05  1.00000e+00  4.93101e-03 -0.00000e+00 -1.19823e-08  4.93102e-03
4.582000000e+00  4.9310105e-03  5.61256e-05  1.00000e+00  4.93101e-03 -0.00000e+00 -1.24917e-08  4.93102e-03
4.604000000e+00  4.9310095e-03  5.72141e-05  1.00000e+00  4.93101e-03 -0.00000e+00 -1.34891e-08  4.93102e-03
4.626000000e+00  4.9310087e-03  5.76544e-05  1.00000e+00  4.93101e-03 -0.00000e+00 -1.42776e-08  4.93102e-03
4.648000000e+00  4.9310079e-03  5.80992e-05  1.00000e+00  4.93101e-03 -0.00000e+00 -1.51041e-08  4.93102e-03
4.670000000e+00  4.9310069e-03  5.88166e-05  1.00000e+00  4.93101e-03 -0.00000e+00 -1.60916e-08  4.93102e-03
4.692000000e+00  4.9310063e-03  5.87043e-05  1.00000e+00  4.93101e-03 -0.00000e+00 -1.67355e-08  4.93102e-03
4.714000000e+00  4.9310052e-03  5.94793e-05  1.00000e+00  4.93101e-03 -0.00000e+00 -1.78346e-08  4.93102e-03
4.736000000e+00  4.9310042e-03  5.99295e-05  1.00000e+00  4.93100e-03 -0.00000e+00 -1.88210e-08  4.93102e-03
4.758000000e+00  4.9310030e-03  6.07103e-05  1.00000e+00  4.93100e-03 -0.00000e+00 -2.00282e-08  4.93102e-03
4.780000000e+00  4.9310016e-03  6.16020e-05  1.00000e+00  4.93100e-03 -0.00000e+00 -2.13575e-08  4.93102e-03
4.802000000e+00  4.9310007e-03  6.17257e-05  1.00000e+00  4.93100e-03 -0.00000e+00 -2.22997e-08  4.93102e-03
4.824000000e+00  4.9309995e-03  6.22252e-05  1.00000e+00  4.93100e-03 -0.00000e+00 -2.35031e-08  4.93102e-03
4.846000000e+00  4.9309980e-03  6.30991e-05  1.00000e+00  4.93100e-03 -0.00000e+00 -2.49960e-08  4.93102e-03
4.868000000e+00  4.9309965e-03  6.38619e-05  1.00000e+00  4.93100e-03 -0.00000e+00 -2.64861e-08  4.93102e-03
4.890000000e+00  4.9309953e-03  6.41163e-05  1.00000e+00  4.93100e-03 -0.00000e+00 -2.76893e-08  4.93102e-03
4.912000000e+00  4.9309943e-03  6.40234e-05  1.00000e+00  4.93099e-03 -0.00000e+00 -2.86827e-08  4.93102e-03
4.934000000e+00  4.9309922e-03  6.54091e-05  1.00000e+00  4.93099e-03 -0.00000e+00 -3.08079e-08  4.93102e-03
4.956000000e+00  4.9309902e-03  6.64271e-05  1.00000e+00  4.93099e-03 -0.00000e+00 -3.27560e-08  4.93102e-03
4.978000000e+00  4.9309891e-03  6.63390e-05  1.00000e+00  4.93099e-03 -0.00000e+00 -3.38935e-08  4.93102e-03
5.000000000e+00  4.9309870e-03  6.73994e-05  1.00000e+00  4.93099e-03 -0.00000e+00 -3.60246e-08  4.93102e-03
5.022000000e+00  4.9309841e-03  6.91770e-05  1.00000e+00  4.93098e-03 -0.00000e+00 -3.88855e-08  4.93102e-03
5.044000000e+00  4.9309834e-03  6.84050e-05  1.00000e+00  4.93098e-03 -0.00000e+00 -3.95652e-08  4.93102e-03
5.066000000e+00  4.9309812e-03  6.92513e-05  1.00000e+00  4.93098e-03 -0.00000e+00 -4.17554e-08  4.93102e-03
5.088000000e+00  4.9309786e-03  7.04215e-05  1.00000e+00  4.93098e-03 -0.00000e+00 -4.43527e-08  4.93102e-03
5.110000000e+00  4.9309769e-03  7.06663e-05  1.00000e+00  4.93098e-03 -0.00000e+00 -4.61241e-08  4.93102e-03
5.132000000e+00  4.9309743e-03  7.15854e-05  1.00000e+00  4.93097e-03 -0.00000e+00 -4.86554e-08  4.93102e-03
5.154000000e+00  4.9309717e-03  7.24725e-05  1.00000e+00  4.93097e-03 -0.00000e+00 -5.12530e-08  4.93102e-03
5.176000000e+00  4.9309695e-03  7.29812e-05  1.00000e+00  4.93097e-03 -0.00000e+00 -5.35245e-08  4.93102e-03
5.198000000e+00  4.9309676e-03  7.31260e-05  1.00000e+00  4.93097e-03 -0.00000e+00 -5.54458e-08  4.93102e-03
5.220000000e+00  4.9309645e-03  7.41604e-05  1.00000e+00  4.93096e-03 -0.00000e+00 -5.84856e-08  4.93102e-03
5.242000000e+00  4.9309614e-03  7.51877e-05  1.00000e+00  4.93096e-03 -0.00000e+00 -6.16357e-08  4.93102e-03
5.264000000e+00  4.9309597e-03  7.49776e-05  1.00000e+00  4.93096e-03 -0.00000e+00 -6.33134e-08  4.93102e-03
5.286000000e+00  4.9309551e-03  7.69395e-05  1.00000e+00  4.93096e-03 -0.00000e+00 -6.78982e-08  4.93102e-03
