# ------------------------------------------------------------------------
# Radiance spectrum
# NASA-GSFC Planetary Spectrum Generator (PSG) (Villanueva et al. 2018, 2022)
# Synthesized on Mon Feb 27 13:46:59 2023
# Doppler velocities [km/s] (vobs,vrot+vorb,vwidth,vrfl,vstr): -21.10000,-0.00000,0.23000,1.95291,0.00000
# ------------------------------------------------------------------------
# Spectra synthesized with the Planetary and Universal Model of Atmospheric Scattering (PUMAS, Villanueva et al. 2018, 2022)
# Single scattering radiative transfer method
# ------------------------------------------------------------------------
# Spectral unit: Wavelength [um]
# Radiance unit: Contrast [radiance ratio w.r.t. parent star]
# Wave/freq Total Noise Stellar trappist-1c Transit
6.000000000e-01  7.0836551e-03  7.30698e-05  1.00000e+00  7.08366e-03  7.08366e-03
6.220000000e-01  7.0830258e-03  6.71169e-05  1.00000e+00  7.08303e-03  7.08303e-03
6.440000000e-01  7.0824717e-03  5.27739e-05  1.00000e+00  7.08247e-03  7.08247e-03
6.660000000e-01  7.0819839e-03  5.43116e-05  1.00000e+00  7.08198e-03  7.08198e-03
6.880000000e-01  7.0815513e-03  4.76517e-05  1.00000e+00  7.08155e-03  7.08155e-03
7.100000000e-01  7.0812209e-03  4.50682e-05  1.00000e+00  7.08122e-03  7.08122e-03
7.320000000e-01  7.0808417e-03  3.35377e-05  1.00000e+00  7.08084e-03  7.08084e-03
7.540000000e-01  7.0805461e-03  2.69796e-05  1.00000e+00  7.08055e-03  7.08055e-03
7.760000000e-01  7.0804621e-03  3.26918e-05  1.00000e+00  7.08046e-03  7.08046e-03
7.980000000e-01  7.0800880e-03  2.62035e-05  1.00000e+00  7.08009e-03  7.08009e-03
8.200000000e-01  7.0798628e-03  2.41424e-05  1.00000e+00  7.07986e-03  7.07986e-03
8.420000000e-01  7.0796769e-03  2.50670e-05  1.00000e+00  7.07968e-03  7.07968e-03
8.640000000e-01  7.0799184e-03  2.30290e-05  1.00000e+00  7.07992e-03  7.07992e-03
8.860000000e-01  7.0793972e-03  2.25901e-05  1.00000e+00  7.07940e-03  7.07940e-03
9.080000000e-01  7.0792818e-03  2.15489e-05  1.00000e+00  7.07928e-03  7.07928e-03
9.300000000e-01  7.0793367e-03  2.05149e-05  1.00000e+00  7.07934e-03  7.07934e-03
9.520000000e-01  7.0790423e-03  1.98751e-05  1.00000e+00  7.07904e-03  7.07904e-03
9.740000000e-01  7.0789647e-03  1.98600e-05  1.00000e+00  7.07896e-03  7.07896e-03
9.960000000e-01  7.0788713e-03  1.94266e-05  1.00000e+00  7.07887e-03  7.07887e-03
1.018000000e+00  7.0787945e-03  1.88257e-05  1.00000e+00  7.07879e-03  7.07879e-03
1.040000000e+00  7.0796183e-03  1.83493e-05  1.00000e+00  7.07962e-03  7.07962e-03
1.062000000e+00  7.0797925e-03  1.79742e-05  1.00000e+00  7.07979e-03  7.07979e-03
1.084000000e+00  7.0787367e-03  1.78256e-05  1.00000e+00  7.07874e-03  7.07874e-03
1.106000000e+00  7.0788748e-03  1.81902e-05  1.00000e+00  7.07887e-03  7.07887e-03
1.128000000e+00  7.0790820e-03  1.82808e-05  1.00000e+00  7.07908e-03  7.07908e-03
1.150000000e+00  7.0787016e-03  1.82000e-05  1.00000e+00  7.07870e-03  7.07870e-03
1.172000000e+00  7.0784614e-03  1.80763e-05  1.00000e+00  7.07846e-03  7.07846e-03
1.194000000e+00  7.0800197e-03  1.79016e-05  1.00000e+00  7.08002e-03  7.08002e-03
1.216000000e+00  7.0866460e-03  1.74923e-05  1.00000e+00  7.08665e-03  7.08665e-03
1.238000000e+00  7.0804160e-03  1.73015e-05  1.00000e+00  7.08042e-03  7.08042e-03
1.260000000e+00  7.0797201e-03  1.71386e-05  1.00000e+00  7.07972e-03  7.07972e-03
1.282000000e+00  7.0801139e-03  1.69916e-05  1.00000e+00  7.08011e-03  7.08011e-03
1.304000000e+00  7.0804051e-03  1.69323e-05  1.00000e+00  7.08041e-03  7.08041e-03
1.326000000e+00  7.0802650e-03  1.78117e-05  1.00000e+00  7.08026e-03  7.08027e-03
1.348000000e+00  7.0799721e-03  2.05623e-05  1.00000e+00  7.07997e-03  7.07997e-03
1.370000000e+00  7.0792649e-03  2.04395e-05  1.00000e+00  7.07926e-03  7.07926e-03
1.392000000e+00  7.0784330e-03  2.08804e-05  1.00000e+00  7.07843e-03  7.07843e-03
1.414000000e+00  7.0782387e-03  2.15771e-05  1.00000e+00  7.07824e-03  7.07824e-03
1.436000000e+00  7.0997886e-03  2.16969e-05  1.00000e+00  7.09979e-03  7.09979e-03
1.458000000e+00  7.0804474e-03  2.16158e-05  1.00000e+00  7.08045e-03  7.08045e-03
1.480000000e+00  7.0837607e-03  2.16346e-05  1.00000e+00  7.08376e-03  7.08376e-03
1.502000000e+00  7.0802816e-03  2.12539e-05  1.00000e+00  7.08028e-03  7.08028e-03
1.524000000e+00  7.0853045e-03  2.09126e-05  1.00000e+00  7.08530e-03  7.08530e-03
1.546000000e+00  7.0829511e-03  2.06826e-05  1.00000e+00  7.08295e-03  7.08295e-03
1.568000000e+00  7.0943433e-03  2.03092e-05  1.00000e+00  7.09434e-03  7.09434e-03
1.590000000e+00  7.0872958e-03  1.98650e-05  1.00000e+00  7.08730e-03  7.08730e-03
1.612000000e+00  7.0932882e-03  1.95831e-05  1.00000e+00  7.09329e-03  7.09329e-03
1.634000000e+00  7.0888977e-03  1.91377e-05  1.00000e+00  7.08890e-03  7.08890e-03
1.656000000e+00  7.0853956e-03  1.87143e-05  1.00000e+00  7.08540e-03  7.08540e-03
1.678000000e+00  7.0813207e-03  1.84955e-05  1.00000e+00  7.08132e-03  7.08132e-03
1.700000000e+00  7.0799514e-03  1.89003e-05  1.00000e+00  7.07995e-03  7.07995e-03
1.722000000e+00  7.0785284e-03  1.98854e-05  1.00000e+00  7.07853e-03  7.07853e-03
1.744000000e+00  7.0781300e-03  2.08298e-05  1.00000e+00  7.07813e-03  7.07813e-03
1.766000000e+00  7.0783362e-03  2.19309e-05  1.00000e+00  7.07834e-03  7.07834e-03
1.788000000e+00  7.0784317e-03  2.27810e-05  1.00000e+00  7.07843e-03  7.07843e-03
1.810000000e+00  7.0780717e-03  2.34697e-05  1.00000e+00  7.07807e-03  7.07807e-03
1.832000000e+00  7.0780449e-03  2.35222e-05  1.00000e+00  7.07804e-03  7.07804e-03
1.854000000e+00  7.0782018e-03  2.46193e-05  1.00000e+00  7.07820e-03  7.07820e-03
1.876000000e+00  7.0901821e-03  2.44040e-05  1.00000e+00  7.09018e-03  7.09018e-03
1.898000000e+00  7.0838284e-03  2.39981e-05  1.00000e+00  7.08383e-03  7.08383e-03
1.920000000e+00  7.0797941e-03  2.39931e-05  1.00000e+00  7.07979e-03  7.07979e-03
1.942000000e+00  7.0998239e-03  2.40549e-05  1.00000e+00  7.09982e-03  7.09982e-03
1.964000000e+00  7.1106720e-03  2.40365e-05  1.00000e+00  7.11067e-03  7.11067e-03
1.986000000e+00  7.0974121e-03  2.46312e-05  1.00000e+00  7.09741e-03  7.09741e-03
2.008000000e+00  7.1179532e-03  2.48807e-05  1.00000e+00  7.11795e-03  7.11795e-03
2.030000000e+00  7.1066049e-03  2.48880e-05  1.00000e+00  7.10660e-03  7.10660e-03
2.052000000e+00  7.1101713e-03  2.47791e-05  1.00000e+00  7.11017e-03  7.11017e-03
2.074000000e+00  7.1069132e-03  2.47141e-05  1.00000e+00  7.10691e-03  7.10691e-03
2.096000000e+00  7.0978134e-03  2.45030e-05  1.00000e+00  7.09781e-03  7.09781e-03
2.118000000e+00  7.0881652e-03  2.42421e-05  1.00000e+00  7.08817e-03  7.08817e-03
2.140000000e+00  7.0864768e-03  2.39790e-05  1.00000e+00  7.08648e-03  7.08648e-03
2.162000000e+00  7.0885662e-03  2.36464e-05  1.00000e+00  7.08857e-03  7.08857e-03
2.184000000e+00  7.0809802e-03  2.34237e-05  1.00000e+00  7.08098e-03  7.08098e-03
2.206000000e+00  7.0797970e-03  2.32052e-05  1.00000e+00  7.07980e-03  7.07980e-03
2.228000000e+00  7.0789574e-03  2.29181e-05  1.00000e+00  7.07896e-03  7.07896e-03
2.250000000e+00  7.0788083e-03  2.26955e-05  1.00000e+00  7.07881e-03  7.07881e-03
2.272000000e+00  7.0785505e-03  2.26791e-05  1.00000e+00  7.07855e-03  7.07855e-03
2.294000000e+00  7.0782058e-03  2.29527e-05  1.00000e+00  7.07821e-03  7.07821e-03
2.316000000e+00  7.0780029e-03  2.35121e-05  1.00000e+00  7.07800e-03  7.07800e-03
2.338000000e+00  7.0779859e-03  2.40784e-05  1.00000e+00  7.07799e-03  7.07799e-03
2.360000000e+00  7.0780256e-03  2.47692e-05  1.00000e+00  7.07803e-03  7.07803e-03
2.382000000e+00  7.0784204e-03  2.52860e-05  1.00000e+00  7.07842e-03  7.07842e-03
2.404000000e+00  7.0785489e-03  2.64504e-05  1.00000e+00  7.07855e-03  7.07855e-03
2.426000000e+00  7.0779908e-03  2.76238e-05  1.00000e+00  7.07799e-03  7.07799e-03
2.448000000e+00  7.0780068e-03  2.85187e-05  1.00000e+00  7.07801e-03  7.07801e-03
2.470000000e+00  7.0784862e-03  2.97624e-05  1.00000e+00  7.07849e-03  7.07849e-03
2.492000000e+00  7.0829110e-03  3.03416e-05  1.00000e+00  7.08291e-03  7.08291e-03
2.514000000e+00  7.0814594e-03  3.12675e-05  1.00000e+00  7.08146e-03  7.08146e-03
2.536000000e+00  7.0787184e-03  3.16726e-05  1.00000e+00  7.07872e-03  7.07872e-03
2.558000000e+00  7.0790207e-03  3.20140e-05  1.00000e+00  7.07902e-03  7.07902e-03
2.580000000e+00  7.0824242e-03  3.19582e-05  1.00000e+00  7.08242e-03  7.08242e-03
2.602000000e+00  7.0840034e-03  3.17708e-05  1.00000e+00  7.08400e-03  7.08400e-03
2.624000000e+00  7.0829418e-03  3.17925e-05  1.00000e+00  7.08294e-03  7.08294e-03
2.646000000e+00  7.0832582e-03  3.15003e-05  1.00000e+00  7.08326e-03  7.08326e-03
2.668000000e+00  7.1219516e-03  3.16205e-05  1.00000e+00  7.12195e-03  7.12195e-03
2.690000000e+00  7.1347578e-03  3.23450e-05  1.00000e+00  7.13476e-03  7.13476e-03
2.712000000e+00  7.1287147e-03  3.31908e-05  1.00000e+00  7.12871e-03  7.12871e-03
2.734000000e+00  7.1218351e-03  3.37578e-05  1.00000e+00  7.12184e-03  7.12184e-03
2.756000000e+00  7.1313606e-03  3.39004e-05  1.00000e+00  7.13136e-03  7.13136e-03
2.778000000e+00  7.1328950e-03  3.44511e-05  1.00000e+00  7.13289e-03  7.13290e-03
2.800000000e+00  7.1265022e-03  3.45438e-05  1.00000e+00  7.12650e-03  7.12650e-03
2.822000000e+00  7.1202037e-03  3.49094e-05  1.00000e+00  7.12020e-03  7.12020e-03
2.844000000e+00  7.1147387e-03  3.55039e-05  1.00000e+00  7.11474e-03  7.11474e-03
2.866000000e+00  7.1064716e-03  3.52529e-05  1.00000e+00  7.10647e-03  7.10647e-03
2.888000000e+00  7.0962074e-03  3.53404e-05  1.00000e+00  7.09621e-03  7.09621e-03
2.910000000e+00  7.0851859e-03  3.59938e-05  1.00000e+00  7.08519e-03  7.08519e-03
2.932000000e+00  7.0808165e-03  3.61357e-05  1.00000e+00  7.08082e-03  7.08082e-03
2.954000000e+00  7.0835452e-03  3.64582e-05  1.00000e+00  7.08355e-03  7.08355e-03
2.976000000e+00  7.0937265e-03  3.65531e-05  1.00000e+00  7.09373e-03  7.09373e-03
2.998000000e+00  7.0872849e-03  3.69165e-05  1.00000e+00  7.08728e-03  7.08728e-03
3.020000000e+00  7.0887022e-03  3.69029e-05  1.00000e+00  7.08870e-03  7.08870e-03
3.042000000e+00  7.0836878e-03  3.70700e-05  1.00000e+00  7.08369e-03  7.08369e-03
3.064000000e+00  7.0808773e-03  3.70491e-05  1.00000e+00  7.08088e-03  7.08088e-03
3.086000000e+00  7.0787680e-03  3.71290e-05  1.00000e+00  7.07877e-03  7.07877e-03
3.108000000e+00  7.0813038e-03  3.71744e-05  1.00000e+00  7.08130e-03  7.08130e-03
3.130000000e+00  7.0840748e-03  3.72062e-05  1.00000e+00  7.08407e-03  7.08407e-03
3.152000000e+00  7.0832889e-03  3.73445e-05  1.00000e+00  7.08329e-03  7.08329e-03
3.174000000e+00  7.0830657e-03  3.73650e-05  1.00000e+00  7.08307e-03  7.08307e-03
3.196000000e+00  7.0795804e-03  3.75393e-05  1.00000e+00  7.07958e-03  7.07958e-03
3.218000000e+00  7.0794672e-03  3.74082e-05  1.00000e+00  7.07947e-03  7.07947e-03
3.240000000e+00  7.0781939e-03  3.73901e-05  1.00000e+00  7.07819e-03  7.07820e-03
3.262000000e+00  7.0780128e-03  3.71549e-05  1.00000e+00  7.07801e-03  7.07802e-03
3.284000000e+00  7.0779725e-03  3.74873e-05  1.00000e+00  7.07797e-03  7.07798e-03
3.306000000e+00  7.0780980e-03  3.73615e-05  1.00000e+00  7.07810e-03  7.07811e-03
3.328000000e+00  7.0791494e-03  3.73209e-05  1.00000e+00  7.07915e-03  7.07916e-03
3.350000000e+00  7.0810837e-03  3.75152e-05  1.00000e+00  7.08108e-03  7.08109e-03
3.372000000e+00  7.0789529e-03  3.74461e-05  1.00000e+00  7.07895e-03  7.07896e-03
3.394000000e+00  7.0781092e-03  3.75302e-05  1.00000e+00  7.07811e-03  7.07812e-03
3.416000000e+00  7.0779718e-03  3.74929e-05  1.00000e+00  7.07797e-03  7.07798e-03
3.438000000e+00  7.0780610e-03  3.76943e-05  1.00000e+00  7.07806e-03  7.07807e-03
3.460000000e+00  7.0780368e-03  3.76085e-05  1.00000e+00  7.07804e-03  7.07805e-03
3.482000000e+00  7.0779572e-03  3.77431e-05  1.00000e+00  7.07796e-03  7.07797e-03
3.504000000e+00  7.0780180e-03  3.76280e-05  1.00000e+00  7.07802e-03  7.07802e-03
3.526000000e+00  7.0783184e-03  3.79516e-05  1.00000e+00  7.07832e-03  7.07832e-03
3.548000000e+00  7.0794805e-03  3.79709e-05  1.00000e+00  7.07948e-03  7.07948e-03
3.570000000e+00  7.0818815e-03  3.80102e-05  1.00000e+00  7.08188e-03  7.08188e-03
3.592000000e+00  7.0838146e-03  3.81572e-05  1.00000e+00  7.08381e-03  7.08381e-03
3.614000000e+00  7.0855636e-03  3.80264e-05  1.00000e+00  7.08556e-03  7.08556e-03
3.636000000e+00  7.0844959e-03  3.81184e-05  1.00000e+00  7.08450e-03  7.08450e-03
3.658000000e+00  7.0815424e-03  3.84244e-05  1.00000e+00  7.08154e-03  7.08154e-03
3.680000000e+00  7.0798545e-03  3.84132e-05  1.00000e+00  7.07985e-03  7.07985e-03
3.702000000e+00  7.0806398e-03  3.84495e-05  1.00000e+00  7.08064e-03  7.08064e-03
3.724000000e+00  7.0827241e-03  3.85193e-05  1.00000e+00  7.08272e-03  7.08272e-03
3.746000000e+00  7.0847093e-03  3.85363e-05  1.00000e+00  7.08471e-03  7.08471e-03
3.768000000e+00  7.0856740e-03  3.86194e-05  1.00000e+00  7.08567e-03  7.08567e-03
3.790000000e+00  7.0896008e-03  3.85050e-05  1.00000e+00  7.08960e-03  7.08960e-03
3.812000000e+00  7.0920396e-03  3.87792e-05  1.00000e+00  7.09204e-03  7.09204e-03
3.834000000e+00  7.0913733e-03  3.90196e-05  1.00000e+00  7.09137e-03  7.09137e-03
3.856000000e+00  7.0885730e-03  3.90115e-05  1.00000e+00  7.08857e-03  7.08857e-03
3.878000000e+00  7.0825275e-03  3.91019e-05  1.00000e+00  7.08253e-03  7.08253e-03
3.900000000e+00  7.0807976e-03  3.95744e-05  1.00000e+00  7.08080e-03  7.08080e-03
3.922000000e+00  7.0819381e-03  3.96872e-05  1.00000e+00  7.08194e-03  7.08194e-03
3.944000000e+00  7.0839378e-03  4.00030e-05  1.00000e+00  7.08394e-03  7.08394e-03
3.966000000e+00  7.0882185e-03  4.03687e-05  1.00000e+00  7.08822e-03  7.08822e-03
3.988000000e+00  7.0891938e-03  4.12703e-05  1.00000e+00  7.08919e-03  7.08919e-03
4.010000000e+00  7.0891470e-03  4.13722e-05  1.00000e+00  7.08915e-03  7.08915e-03
4.032000000e+00  7.0875664e-03  4.19396e-05  1.00000e+00  7.08757e-03  7.08757e-03
4.054000000e+00  7.0825751e-03  4.26529e-05  1.00000e+00  7.08258e-03  7.08258e-03
4.076000000e+00  7.0841790e-03  4.34930e-05  1.00000e+00  7.08418e-03  7.08418e-03
4.098000000e+00  7.0848887e-03  4.37128e-05  1.00000e+00  7.08489e-03  7.08489e-03
4.120000000e+00  7.0829407e-03  4.42469e-05  1.00000e+00  7.08294e-03  7.08294e-03
4.142000000e+00  7.0840442e-03  4.44154e-05  1.00000e+00  7.08404e-03  7.08405e-03
4.164000000e+00  7.1028853e-03  4.53507e-05  1.00000e+00  7.10289e-03  7.10289e-03
4.186000000e+00  7.1192886e-03  4.53008e-05  1.00000e+00  7.11929e-03  7.11929e-03
4.208000000e+00  7.1383076e-03  4.59909e-05  1.00000e+00  7.13831e-03  7.13831e-03
4.230000000e+00  7.1507269e-03  4.59103e-05  1.00000e+00  7.15073e-03  7.15073e-03
4.252000000e+00  7.1511167e-03  4.71166e-05  1.00000e+00  7.15112e-03  7.15112e-03
4.274000000e+00  7.1548475e-03  4.71533e-05  1.00000e+00  7.15485e-03  7.15485e-03
4.296000000e+00  7.1523283e-03  4.77199e-05  1.00000e+00  7.15233e-03  7.15233e-03
4.318000000e+00  7.1472421e-03  4.80230e-05  1.00000e+00  7.14724e-03  7.14725e-03
4.340000000e+00  7.1431899e-03  4.86349e-05  1.00000e+00  7.14319e-03  7.14319e-03
4.362000000e+00  7.1398707e-03  4.91197e-05  1.00000e+00  7.13987e-03  7.13987e-03
4.384000000e+00  7.1359559e-03  4.96895e-05  1.00000e+00  7.13596e-03  7.13596e-03
4.406000000e+00  7.1344567e-03  5.02657e-05  1.00000e+00  7.13446e-03  7.13446e-03
4.428000000e+00  7.1296777e-03  5.13249e-05  1.00000e+00  7.12968e-03  7.12968e-03
4.450000000e+00  7.1234419e-03  5.11266e-05  1.00000e+00  7.12344e-03  7.12345e-03
4.472000000e+00  7.1166184e-03  5.18664e-05  1.00000e+00  7.11662e-03  7.11662e-03
4.494000000e+00  7.1069681e-03  5.22257e-05  1.00000e+00  7.10697e-03  7.10697e-03
4.516000000e+00  7.0981138e-03  5.25081e-05  1.00000e+00  7.09811e-03  7.09812e-03
4.538000000e+00  7.0882883e-03  5.30226e-05  1.00000e+00  7.08829e-03  7.08829e-03
4.560000000e+00  7.0836201e-03  5.38002e-05  1.00000e+00  7.08362e-03  7.08363e-03
4.582000000e+00  7.0812619e-03  5.36931e-05  1.00000e+00  7.08126e-03  7.08131e-03
4.604000000e+00  7.0819117e-03  5.47388e-05  1.00000e+00  7.08191e-03  7.08195e-03
4.626000000e+00  7.0848682e-03  5.51636e-05  1.00000e+00  7.08487e-03  7.08488e-03
4.648000000e+00  7.0846214e-03  5.55929e-05  1.00000e+00  7.08462e-03  7.08463e-03
4.670000000e+00  7.0869653e-03  5.62833e-05  1.00000e+00  7.08697e-03  7.08697e-03
4.692000000e+00  7.0933366e-03  5.61788e-05  1.00000e+00  7.09334e-03  7.09335e-03
4.714000000e+00  7.0956348e-03  5.69245e-05  1.00000e+00  7.09563e-03  7.09564e-03
4.736000000e+00  7.0987497e-03  5.73591e-05  1.00000e+00  7.09875e-03  7.09876e-03
4.758000000e+00  7.0992467e-03  5.81105e-05  1.00000e+00  7.09925e-03  7.09926e-03
4.780000000e+00  7.1033089e-03  5.89684e-05  1.00000e+00  7.10331e-03  7.10332e-03
4.802000000e+00  7.1084983e-03  5.90901e-05  1.00000e+00  7.10850e-03  7.10851e-03
4.824000000e+00  7.1103453e-03  5.95722e-05  1.00000e+00  7.11035e-03  7.11036e-03
4.846000000e+00  7.1105809e-03  6.04132e-05  1.00000e+00  7.11058e-03  7.11060e-03
4.868000000e+00  7.1088425e-03  6.11480e-05  1.00000e+00  7.10884e-03  7.10886e-03
4.890000000e+00  7.1041925e-03  6.13953e-05  1.00000e+00  7.10419e-03  7.10421e-03
4.912000000e+00  7.1018696e-03  6.13096e-05  1.00000e+00  7.10187e-03  7.10189e-03
4.934000000e+00  7.0962813e-03  6.26419e-05  1.00000e+00  7.09628e-03  7.09630e-03
4.956000000e+00  7.0929955e-03  6.36218e-05  1.00000e+00  7.09300e-03  7.09302e-03
4.978000000e+00  7.0900606e-03  6.35408e-05  1.00000e+00  7.09006e-03  7.09008e-03
5.000000000e+00  7.0868804e-03  6.45615e-05  1.00000e+00  7.08688e-03  7.08690e-03
5.022000000e+00  7.0842105e-03  6.62705e-05  1.00000e+00  7.08421e-03  7.08423e-03
5.044000000e+00  7.0838987e-03  6.55333e-05  1.00000e+00  7.08390e-03  7.08392e-03
5.066000000e+00  7.0842998e-03  6.63488e-05  1.00000e+00  7.08430e-03  7.08433e-03
5.088000000e+00  7.0877306e-03  6.74751e-05  1.00000e+00  7.08773e-03  7.08776e-03
5.110000000e+00  7.0899627e-03  6.77136e-05  1.00000e+00  7.08996e-03  7.08999e-03
5.132000000e+00  7.0870661e-03  6.85993e-05  1.00000e+00  7.08707e-03  7.08710e-03
5.154000000e+00  7.0920828e-03  6.94543e-05  1.00000e+00  7.09208e-03  7.09211e-03
5.176000000e+00  7.1032539e-03  6.99459e-05  1.00000e+00  7.10325e-03  7.10329e-03
5.198000000e+00  7.1005200e-03  7.00886e-05  1.00000e+00  7.10052e-03  7.10056e-03
5.220000000e+00  7.1028702e-03  7.10853e-05  1.00000e+00  7.10287e-03  7.10291e-03
5.242000000e+00  7.1007323e-03  7.20755e-05  1.00000e+00  7.10073e-03  7.10077e-03
5.264000000e+00  7.0987875e-03  7.18774e-05  1.00000e+00  7.09879e-03  7.09883e-03
5.286000000e+00  7.0928857e-03  7.37654e-05  1.00000e+00  7.09289e-03  7.09293e-03
