# ------------------------------------------------------------------------
# Radiance spectrum
# NASA-GSFC Planetary Spectrum Generator (PSG) (Villanueva et al. 2018, 2022)
# Synthesized on Mon Apr 24 09:20:51 2023
# Doppler velocities [km/s] (vobs,vrot+vorb,vwidth,vrfl,vstr): -21.10000,-0.00000,0.24000,0.45756,0.00000
# ------------------------------------------------------------------------
# Spectra synthesized with the Planetary and Universal Model of Atmospheric Scattering (PUMAS, Villanueva et al. 2018, 2022)
# Single scattering radiative transfer method
# ------------------------------------------------------------------------
# Spectral unit: Wavelength [um]
# Radiance unit: Contrast [radiance ratio w.r.t. parent star]
# Wave/freq Total Noise Stellar trappist-1b Transit
6.000000000e-01  7.7877103e-03  2.11704e-04  1.00000e+00  7.78771e-03  7.78771e-03
6.220000000e-01  7.7860262e-03  1.93231e-04  1.00000e+00  7.78603e-03  7.78603e-03
6.440000000e-01  7.7843997e-03  1.50638e-04  1.00000e+00  7.78440e-03  7.78440e-03
6.660000000e-01  7.7828280e-03  1.54559e-04  1.00000e+00  7.78283e-03  7.78283e-03
6.880000000e-01  7.7812989e-03  1.34899e-04  1.00000e+00  7.78130e-03  7.78130e-03
7.100000000e-01  7.7800030e-03  1.27112e-04  1.00000e+00  7.78000e-03  7.78000e-03
7.320000000e-01  7.7784366e-03  9.40620e-05  1.00000e+00  7.77844e-03  7.77844e-03
7.540000000e-01  7.7770802e-03  7.53769e-05  1.00000e+00  7.77708e-03  7.77708e-03
7.760000000e-01  7.7764606e-03  9.12188e-05  1.00000e+00  7.77646e-03  7.77646e-03
7.980000000e-01  7.7747177e-03  7.28618e-05  1.00000e+00  7.77472e-03  7.77472e-03
8.200000000e-01  7.7734598e-03  6.69668e-05  1.00000e+00  7.77346e-03  7.77346e-03
8.420000000e-01  7.7723382e-03  6.94026e-05  1.00000e+00  7.77234e-03  7.77234e-03
8.640000000e-01  7.7731250e-03  6.36206e-05  1.00000e+00  7.77312e-03  7.77313e-03
8.860000000e-01  7.7705071e-03  6.22927e-05  1.00000e+00  7.77051e-03  7.77051e-03
9.080000000e-01  7.7696747e-03  5.93125e-05  1.00000e+00  7.76967e-03  7.76967e-03
9.300000000e-01  7.7698117e-03  5.63682e-05  1.00000e+00  7.76981e-03  7.76981e-03
9.520000000e-01  7.7679040e-03  5.45225e-05  1.00000e+00  7.76790e-03  7.76790e-03
9.740000000e-01  7.7672783e-03  5.44015e-05  1.00000e+00  7.76728e-03  7.76728e-03
9.960000000e-01  7.7665249e-03  5.31375e-05  1.00000e+00  7.76652e-03  7.76652e-03
1.018000000e+00  7.7658745e-03  5.14222e-05  1.00000e+00  7.76587e-03  7.76587e-03
1.040000000e+00  7.7706423e-03  5.00549e-05  1.00000e+00  7.77064e-03  7.77064e-03
1.062000000e+00  7.7724360e-03  4.89703e-05  1.00000e+00  7.77244e-03  7.77244e-03
1.084000000e+00  7.7653911e-03  4.85084e-05  1.00000e+00  7.76539e-03  7.76539e-03
1.106000000e+00  7.7660518e-03  4.94469e-05  1.00000e+00  7.76605e-03  7.76605e-03
1.128000000e+00  7.7675787e-03  4.96405e-05  1.00000e+00  7.76758e-03  7.76758e-03
1.150000000e+00  7.7647834e-03  4.93701e-05  1.00000e+00  7.76478e-03  7.76478e-03
1.172000000e+00  7.7628149e-03  4.89857e-05  1.00000e+00  7.76281e-03  7.76281e-03
1.194000000e+00  7.7682342e-03  4.84654e-05  1.00000e+00  7.76823e-03  7.76823e-03
1.216000000e+00  7.7927039e-03  4.73122e-05  1.00000e+00  7.79270e-03  7.79270e-03
1.238000000e+00  7.7752884e-03  4.67547e-05  1.00000e+00  7.77529e-03  7.77529e-03
1.260000000e+00  7.7716246e-03  4.62749e-05  1.00000e+00  7.77162e-03  7.77162e-03
1.282000000e+00  7.7719365e-03  4.58403e-05  1.00000e+00  7.77194e-03  7.77194e-03
1.304000000e+00  7.7726535e-03  4.56443e-05  1.00000e+00  7.77265e-03  7.77265e-03
1.326000000e+00  7.7737369e-03  4.79817e-05  1.00000e+00  7.77374e-03  7.77374e-03
1.348000000e+00  7.7737342e-03  5.53629e-05  1.00000e+00  7.77373e-03  7.77373e-03
1.370000000e+00  7.7687891e-03  5.49930e-05  1.00000e+00  7.76879e-03  7.76879e-03
1.392000000e+00  7.7629178e-03  5.61429e-05  1.00000e+00  7.76292e-03  7.76292e-03
1.414000000e+00  7.7606101e-03  5.79813e-05  1.00000e+00  7.76061e-03  7.76061e-03
1.436000000e+00  7.8124800e-03  5.82657e-05  1.00000e+00  7.81248e-03  7.81248e-03
1.458000000e+00  7.7772505e-03  5.80122e-05  1.00000e+00  7.77725e-03  7.77725e-03
1.480000000e+00  7.7869741e-03  5.80276e-05  1.00000e+00  7.78697e-03  7.78697e-03
1.502000000e+00  7.7732891e-03  5.69723e-05  1.00000e+00  7.77329e-03  7.77329e-03
1.524000000e+00  7.7881957e-03  5.60243e-05  1.00000e+00  7.78820e-03  7.78820e-03
1.546000000e+00  7.7834064e-03  5.53770e-05  1.00000e+00  7.78341e-03  7.78341e-03
1.568000000e+00  7.8036450e-03  5.43471e-05  1.00000e+00  7.80364e-03  7.80365e-03
1.590000000e+00  7.7941611e-03  5.31296e-05  1.00000e+00  7.79416e-03  7.79416e-03
1.612000000e+00  7.8040480e-03  5.23487e-05  1.00000e+00  7.80405e-03  7.80405e-03
1.634000000e+00  7.7972379e-03  5.11323e-05  1.00000e+00  7.79724e-03  7.79724e-03
1.656000000e+00  7.7914224e-03  4.99766e-05  1.00000e+00  7.79142e-03  7.79142e-03
1.678000000e+00  7.7801174e-03  4.93694e-05  1.00000e+00  7.78012e-03  7.78012e-03
1.700000000e+00  7.7729480e-03  5.04292e-05  1.00000e+00  7.77295e-03  7.77295e-03
1.722000000e+00  7.7644103e-03  5.30387e-05  1.00000e+00  7.76441e-03  7.76441e-03
1.744000000e+00  7.7596101e-03  5.55381e-05  1.00000e+00  7.75961e-03  7.75961e-03
1.766000000e+00  7.7656354e-03  5.84547e-05  1.00000e+00  7.76564e-03  7.76564e-03
1.788000000e+00  7.7661053e-03  6.07003e-05  1.00000e+00  7.76611e-03  7.76611e-03
1.810000000e+00  7.7614802e-03  6.25145e-05  1.00000e+00  7.76148e-03  7.76148e-03
1.832000000e+00  7.7587561e-03  6.26312e-05  1.00000e+00  7.75876e-03  7.75876e-03
1.854000000e+00  7.7609395e-03  6.55337e-05  1.00000e+00  7.76094e-03  7.76094e-03
1.876000000e+00  7.7974889e-03  6.49359e-05  1.00000e+00  7.79749e-03  7.79749e-03
1.898000000e+00  7.7885076e-03  6.38321e-05  1.00000e+00  7.78851e-03  7.78851e-03
1.920000000e+00  7.7769104e-03  6.37975e-05  1.00000e+00  7.77691e-03  7.77691e-03
1.942000000e+00  7.8119060e-03  6.39408e-05  1.00000e+00  7.81191e-03  7.81191e-03
1.964000000e+00  7.8282020e-03  6.38711e-05  1.00000e+00  7.82820e-03  7.82820e-03
1.986000000e+00  7.8096560e-03  6.54340e-05  1.00000e+00  7.80966e-03  7.80966e-03
2.008000000e+00  7.8371540e-03  6.60774e-05  1.00000e+00  7.83715e-03  7.83715e-03
2.030000000e+00  7.8214020e-03  6.60776e-05  1.00000e+00  7.82140e-03  7.82140e-03
2.052000000e+00  7.8275950e-03  6.57689e-05  1.00000e+00  7.82759e-03  7.82759e-03
2.074000000e+00  7.8222110e-03  6.55775e-05  1.00000e+00  7.82221e-03  7.82221e-03
2.096000000e+00  7.8101410e-03  6.49986e-05  1.00000e+00  7.81014e-03  7.81014e-03
2.118000000e+00  7.7967041e-03  6.42882e-05  1.00000e+00  7.79670e-03  7.79670e-03
2.140000000e+00  7.7931836e-03  6.35728e-05  1.00000e+00  7.79318e-03  7.79318e-03
2.162000000e+00  7.7967625e-03  6.26736e-05  1.00000e+00  7.79676e-03  7.79676e-03
2.184000000e+00  7.7800004e-03  6.20673e-05  1.00000e+00  7.78000e-03  7.78001e-03
2.206000000e+00  7.7734897e-03  6.14725e-05  1.00000e+00  7.77349e-03  7.77352e-03
2.228000000e+00  7.7675189e-03  6.06964e-05  1.00000e+00  7.76752e-03  7.76755e-03
2.250000000e+00  7.7659550e-03  6.00922e-05  1.00000e+00  7.76595e-03  7.76599e-03
2.272000000e+00  7.7642382e-03  6.00351e-05  1.00000e+00  7.76424e-03  7.76428e-03
2.294000000e+00  7.7608826e-03  6.07468e-05  1.00000e+00  7.76088e-03  7.76091e-03
2.316000000e+00  7.7582706e-03  6.22157e-05  1.00000e+00  7.75827e-03  7.75831e-03
2.338000000e+00  7.7577625e-03  6.37028e-05  1.00000e+00  7.75776e-03  7.75779e-03
2.360000000e+00  7.7586537e-03  6.55194e-05  1.00000e+00  7.75865e-03  7.75868e-03
2.382000000e+00  7.7624202e-03  6.68748e-05  1.00000e+00  7.76242e-03  7.76246e-03
2.404000000e+00  7.7628923e-03  6.99451e-05  1.00000e+00  7.76289e-03  7.76294e-03
2.426000000e+00  7.7578092e-03  7.30395e-05  1.00000e+00  7.75781e-03  7.75783e-03
2.448000000e+00  7.7579371e-03  7.53955e-05  1.00000e+00  7.75794e-03  7.75797e-03
2.470000000e+00  7.7661918e-03  7.86746e-05  1.00000e+00  7.76619e-03  7.76630e-03
2.492000000e+00  7.7861371e-03  8.01933e-05  1.00000e+00  7.78614e-03  7.78616e-03
2.514000000e+00  7.7820790e-03  8.26308e-05  1.00000e+00  7.78208e-03  7.78210e-03
2.536000000e+00  7.7712028e-03  8.36890e-05  1.00000e+00  7.77120e-03  7.77125e-03
2.558000000e+00  7.7710399e-03  8.45780e-05  1.00000e+00  7.77104e-03  7.77110e-03
2.580000000e+00  7.7847242e-03  8.44150e-05  1.00000e+00  7.78472e-03  7.78474e-03
2.602000000e+00  7.7900224e-03  8.39044e-05  1.00000e+00  7.79002e-03  7.79003e-03
2.624000000e+00  7.7893074e-03  8.39479e-05  1.00000e+00  7.78931e-03  7.78931e-03
2.646000000e+00  7.7891621e-03  8.31610e-05  1.00000e+00  7.78916e-03  7.78916e-03
2.668000000e+00  7.8386850e-03  8.34653e-05  1.00000e+00  7.83868e-03  7.83868e-03
2.690000000e+00  7.8569740e-03  8.53680e-05  1.00000e+00  7.85697e-03  7.85697e-03
2.712000000e+00  7.8481590e-03  8.75921e-05  1.00000e+00  7.84816e-03  7.84816e-03
2.734000000e+00  7.8396360e-03  8.90785e-05  1.00000e+00  7.83964e-03  7.83964e-03
2.756000000e+00  7.8536010e-03  8.94419e-05  1.00000e+00  7.85360e-03  7.85360e-03
2.778000000e+00  7.8545920e-03  9.08849e-05  1.00000e+00  7.85459e-03  7.85459e-03
2.800000000e+00  7.8442830e-03  9.11171e-05  1.00000e+00  7.84428e-03  7.84428e-03
2.822000000e+00  7.8367910e-03  9.20707e-05  1.00000e+00  7.83679e-03  7.83679e-03
2.844000000e+00  7.8313930e-03  9.36295e-05  1.00000e+00  7.83139e-03  7.83139e-03
2.866000000e+00  7.8210280e-03  9.29533e-05  1.00000e+00  7.82103e-03  7.82103e-03
2.888000000e+00  7.8080435e-03  9.31720e-05  1.00000e+00  7.80804e-03  7.80804e-03
2.910000000e+00  7.7928040e-03  9.48866e-05  1.00000e+00  7.79280e-03  7.79281e-03
2.932000000e+00  7.7823782e-03  9.52495e-05  1.00000e+00  7.78238e-03  7.78243e-03
2.954000000e+00  7.7887134e-03  9.60900e-05  1.00000e+00  7.78871e-03  7.78874e-03
2.976000000e+00  7.8049583e-03  9.63303e-05  1.00000e+00  7.80496e-03  7.80496e-03
2.998000000e+00  7.7945170e-03  9.72802e-05  1.00000e+00  7.79452e-03  7.79455e-03
3.020000000e+00  7.7974944e-03  9.72342e-05  1.00000e+00  7.79749e-03  7.79751e-03
3.042000000e+00  7.7878999e-03  9.76660e-05  1.00000e+00  7.78790e-03  7.78798e-03
3.064000000e+00  7.7799700e-03  9.76015e-05  1.00000e+00  7.77997e-03  7.78027e-03
3.086000000e+00  7.7705229e-03  9.78033e-05  1.00000e+00  7.77052e-03  7.77098e-03
3.108000000e+00  7.7819277e-03  9.79135e-05  1.00000e+00  7.78193e-03  7.78208e-03
3.130000000e+00  7.7883199e-03  9.79881e-05  1.00000e+00  7.78832e-03  7.78846e-03
3.152000000e+00  7.7862178e-03  9.83443e-05  1.00000e+00  7.78622e-03  7.78641e-03
3.174000000e+00  7.7870811e-03  9.83896e-05  1.00000e+00  7.78708e-03  7.78719e-03
3.196000000e+00  7.7748827e-03  9.88415e-05  1.00000e+00  7.77488e-03  7.77527e-03
3.218000000e+00  7.7736132e-03  9.84868e-05  1.00000e+00  7.77361e-03  7.77407e-03
3.240000000e+00  7.7655723e-03  9.84309e-05  1.00000e+00  7.76557e-03  7.76618e-03
3.262000000e+00  7.7638192e-03  9.78018e-05  1.00000e+00  7.76382e-03  7.76429e-03
3.284000000e+00  7.7633555e-03  9.86714e-05  1.00000e+00  7.76336e-03  7.76367e-03
3.306000000e+00  7.7641652e-03  9.83312e-05  1.00000e+00  7.76417e-03  7.76439e-03
3.328000000e+00  7.7701127e-03  9.82159e-05  1.00000e+00  7.77011e-03  7.77033e-03
3.350000000e+00  7.7762950e-03  9.87210e-05  1.00000e+00  7.77629e-03  7.77658e-03
3.372000000e+00  7.7693025e-03  9.85312e-05  1.00000e+00  7.76930e-03  7.76979e-03
3.394000000e+00  7.7635992e-03  9.87460e-05  1.00000e+00  7.76360e-03  7.76450e-03
3.416000000e+00  7.7603068e-03  9.86405e-05  1.00000e+00  7.76031e-03  7.76198e-03
3.438000000e+00  7.7591319e-03  9.91650e-05  1.00000e+00  7.75913e-03  7.76176e-03
3.460000000e+00  7.7564834e-03  9.89314e-05  1.00000e+00  7.75648e-03  7.75952e-03
3.482000000e+00  7.7560121e-03  9.92799e-05  1.00000e+00  7.75601e-03  7.75782e-03
3.504000000e+00  7.7559908e-03  9.89692e-05  1.00000e+00  7.75599e-03  7.75869e-03
3.526000000e+00  7.7631834e-03  9.98163e-05  1.00000e+00  7.76318e-03  7.76646e-03
3.548000000e+00  7.7737639e-03  9.98600e-05  1.00000e+00  7.77376e-03  7.77619e-03
3.570000000e+00  7.7826537e-03  9.99569e-05  1.00000e+00  7.78265e-03  7.78407e-03
3.592000000e+00  7.7872795e-03  1.00338e-04  1.00000e+00  7.78728e-03  7.78800e-03
3.614000000e+00  7.7905928e-03  9.99867e-05  1.00000e+00  7.79059e-03  7.79118e-03
3.636000000e+00  7.7880238e-03  1.00223e-04  1.00000e+00  7.78802e-03  7.78883e-03
3.658000000e+00  7.7806751e-03  1.01025e-04  1.00000e+00  7.78068e-03  7.78192e-03
3.680000000e+00  7.7740040e-03  1.00989e-04  1.00000e+00  7.77400e-03  7.77735e-03
3.702000000e+00  7.7788984e-03  1.01079e-04  1.00000e+00  7.77890e-03  7.78134e-03
3.724000000e+00  7.7835373e-03  1.01257e-04  1.00000e+00  7.78354e-03  7.78633e-03
3.746000000e+00  7.7880464e-03  1.01296e-04  1.00000e+00  7.78805e-03  7.79003e-03
3.768000000e+00  7.7914965e-03  1.01510e-04  1.00000e+00  7.79150e-03  7.79205e-03
3.790000000e+00  7.7984793e-03  1.01202e-04  1.00000e+00  7.79848e-03  7.79861e-03
3.812000000e+00  7.8020802e-03  1.01920e-04  1.00000e+00  7.80208e-03  7.80217e-03
3.834000000e+00  7.8010050e-03  1.02549e-04  1.00000e+00  7.80101e-03  7.80113e-03
3.856000000e+00  7.7970711e-03  1.02522e-04  1.00000e+00  7.79707e-03  7.79722e-03
3.878000000e+00  7.7847084e-03  1.02756e-04  1.00000e+00  7.78471e-03  7.78561e-03
3.900000000e+00  7.7774371e-03  1.03997e-04  1.00000e+00  7.77744e-03  7.78118e-03
3.922000000e+00  7.7807580e-03  1.04290e-04  1.00000e+00  7.78076e-03  7.78420e-03
3.944000000e+00  7.7871524e-03  1.05118e-04  1.00000e+00  7.78715e-03  7.78824e-03
3.966000000e+00  7.7959732e-03  1.06077e-04  1.00000e+00  7.79597e-03  7.79626e-03
3.988000000e+00  7.7971873e-03  1.08451e-04  1.00000e+00  7.79719e-03  7.79756e-03
4.010000000e+00  7.7973924e-03  1.08715e-04  1.00000e+00  7.79739e-03  7.79771e-03
4.032000000e+00  7.7954647e-03  1.10207e-04  1.00000e+00  7.79546e-03  7.79571e-03
4.054000000e+00  7.7866024e-03  1.12085e-04  1.00000e+00  7.78660e-03  7.78707e-03
4.076000000e+00  7.7911757e-03  1.14298e-04  1.00000e+00  7.79118e-03  7.79139e-03
4.098000000e+00  7.7931716e-03  1.14874e-04  1.00000e+00  7.79317e-03  7.79331e-03
4.120000000e+00  7.7891063e-03  1.16279e-04  1.00000e+00  7.78911e-03  7.78939e-03
4.142000000e+00  7.7920261e-03  1.16719e-04  1.00000e+00  7.79203e-03  7.79217e-03
4.164000000e+00  7.8175787e-03  1.19184e-04  1.00000e+00  7.81758e-03  7.81759e-03
4.186000000e+00  7.8376551e-03  1.19047e-04  1.00000e+00  7.83766e-03  7.83766e-03
4.208000000e+00  7.8591698e-03  1.20865e-04  1.00000e+00  7.85917e-03  7.85917e-03
4.230000000e+00  7.8763679e-03  1.20648e-04  1.00000e+00  7.87637e-03  7.87637e-03
4.252000000e+00  7.8765079e-03  1.23829e-04  1.00000e+00  7.87651e-03  7.87651e-03
4.274000000e+00  7.8803989e-03  1.23922e-04  1.00000e+00  7.88040e-03  7.88040e-03
4.296000000e+00  7.8757189e-03  1.25414e-04  1.00000e+00  7.87572e-03  7.87572e-03
4.318000000e+00  7.8678348e-03  1.26211e-04  1.00000e+00  7.86783e-03  7.86784e-03
4.340000000e+00  7.8619756e-03  1.27824e-04  1.00000e+00  7.86198e-03  7.86198e-03
4.362000000e+00  7.8601535e-03  1.29101e-04  1.00000e+00  7.86015e-03  7.86015e-03
4.384000000e+00  7.8563231e-03  1.30602e-04  1.00000e+00  7.85632e-03  7.85632e-03
4.406000000e+00  7.8554871e-03  1.32121e-04  1.00000e+00  7.85549e-03  7.85549e-03
4.428000000e+00  7.8490799e-03  1.34917e-04  1.00000e+00  7.84908e-03  7.84908e-03
4.450000000e+00  7.8406252e-03  1.34389e-04  1.00000e+00  7.84063e-03  7.84063e-03
4.472000000e+00  7.8313162e-03  1.36341e-04  1.00000e+00  7.83132e-03  7.83133e-03
4.494000000e+00  7.8196490e-03  1.37287e-04  1.00000e+00  7.81965e-03  7.81967e-03
4.516000000e+00  7.8099098e-03  1.38030e-04  1.00000e+00  7.80991e-03  7.80995e-03
4.538000000e+00  7.7990543e-03  1.39387e-04  1.00000e+00  7.79905e-03  7.79919e-03
4.560000000e+00  7.7922650e-03  1.41439e-04  1.00000e+00  7.79227e-03  7.79260e-03
4.582000000e+00  7.7868333e-03  1.41153e-04  1.00000e+00  7.78683e-03  7.78744e-03
4.604000000e+00  7.7866003e-03  1.43915e-04  1.00000e+00  7.78660e-03  7.78743e-03
4.626000000e+00  7.7926336e-03  1.45035e-04  1.00000e+00  7.79263e-03  7.79311e-03
4.648000000e+00  7.7927869e-03  1.46167e-04  1.00000e+00  7.79279e-03  7.79324e-03
4.670000000e+00  7.7959605e-03  1.47990e-04  1.00000e+00  7.79596e-03  7.79633e-03
4.692000000e+00  7.8042555e-03  1.47710e-04  1.00000e+00  7.80426e-03  7.80443e-03
4.714000000e+00  7.8075514e-03  1.49680e-04  1.00000e+00  7.80755e-03  7.80765e-03
4.736000000e+00  7.8113117e-03  1.50826e-04  1.00000e+00  7.81131e-03  7.81138e-03
4.758000000e+00  7.8120826e-03  1.52811e-04  1.00000e+00  7.81208e-03  7.81216e-03
4.780000000e+00  7.8174649e-03  1.55078e-04  1.00000e+00  7.81746e-03  7.81753e-03
4.802000000e+00  7.8249542e-03  1.55397e-04  1.00000e+00  7.82495e-03  7.82500e-03
4.824000000e+00  7.8279713e-03  1.56670e-04  1.00000e+00  7.82797e-03  7.82801e-03
4.846000000e+00  7.8283958e-03  1.58893e-04  1.00000e+00  7.82840e-03  7.82843e-03
4.868000000e+00  7.8249987e-03  1.60836e-04  1.00000e+00  7.82500e-03  7.82505e-03
4.890000000e+00  7.8191090e-03  1.61487e-04  1.00000e+00  7.81911e-03  7.81918e-03
4.912000000e+00  7.8159421e-03  1.61258e-04  1.00000e+00  7.81594e-03  7.81605e-03
4.934000000e+00  7.8085330e-03  1.64783e-04  1.00000e+00  7.80853e-03  7.80874e-03
4.956000000e+00  7.8036838e-03  1.67375e-04  1.00000e+00  7.80368e-03  7.80409e-03
4.978000000e+00  7.7992039e-03  1.67158e-04  1.00000e+00  7.79920e-03  7.80003e-03
5.000000000e+00  7.7933322e-03  1.69858e-04  1.00000e+00  7.79333e-03  7.79505e-03
5.022000000e+00  7.7879022e-03  1.74383e-04  1.00000e+00  7.78790e-03  7.79053e-03
5.044000000e+00  7.7875270e-03  1.72427e-04  1.00000e+00  7.78753e-03  7.78995e-03
5.066000000e+00  7.7895836e-03  1.74585e-04  1.00000e+00  7.78958e-03  7.79137e-03
5.088000000e+00  7.7957102e-03  1.77566e-04  1.00000e+00  7.79571e-03  7.79675e-03
5.110000000e+00  7.7989940e-03  1.78195e-04  1.00000e+00  7.79899e-03  7.79980e-03
5.132000000e+00  7.7930294e-03  1.80540e-04  1.00000e+00  7.79303e-03  7.79503e-03
5.154000000e+00  7.8016210e-03  1.82803e-04  1.00000e+00  7.80162e-03  7.80257e-03
5.176000000e+00  7.8180985e-03  1.84103e-04  1.00000e+00  7.81810e-03  7.81831e-03
5.198000000e+00  7.8148834e-03  1.84479e-04  1.00000e+00  7.81488e-03  7.81508e-03
5.220000000e+00  7.8177552e-03  1.87118e-04  1.00000e+00  7.81776e-03  7.81791e-03
5.242000000e+00  7.8145529e-03  1.89741e-04  1.00000e+00  7.81455e-03  7.81476e-03
5.264000000e+00  7.8116696e-03  1.89213e-04  1.00000e+00  7.81167e-03  7.81196e-03
5.286000000e+00  7.8032693e-03  1.94217e-04  1.00000e+00  7.80327e-03  7.80399e-03
