# ------------------------------------------------------------------------
# Radiance spectrum
# NASA-GSFC Planetary Spectrum Generator (PSG) (Villanueva et al. 2018, 2022)
# Synthesized on Mon Feb 27 13:20:27 2023
# Doppler velocities [km/s] (vobs,vrot+vorb,vwidth,vrfl,vstr): -21.10000,-0.00000,0.24000,0.45436,0.00000
# ------------------------------------------------------------------------
# Spectra synthesized with the Planetary and Universal Model of Atmospheric Scattering (PUMAS, Villanueva et al. 2018, 2022)
# Single scattering radiative transfer method
# ------------------------------------------------------------------------
# Spectral unit: Wavelength [um]
# Radiance unit: Contrast [radiance ratio w.r.t. parent star]
# Wave/freq Total Noise Stellar trappist-1b Transit
6.000000000e-01  7.5536289e-03  4.72726e-05  1.00000e+00  7.55363e-03  7.55363e-03
6.220000000e-01  7.5457818e-03  4.34213e-05  1.00000e+00  7.54578e-03  7.54578e-03
6.440000000e-01  7.5382386e-03  3.41419e-05  1.00000e+00  7.53824e-03  7.53824e-03
6.660000000e-01  7.5309844e-03  3.51368e-05  1.00000e+00  7.53098e-03  7.53099e-03
6.880000000e-01  7.5239779e-03  3.08282e-05  1.00000e+00  7.52398e-03  7.52398e-03
7.100000000e-01  7.5174203e-03  2.91568e-05  1.00000e+00  7.51742e-03  7.51746e-03
7.320000000e-01  7.5107437e-03  2.16971e-05  1.00000e+00  7.51074e-03  7.51075e-03
7.540000000e-01  7.5044299e-03  1.74543e-05  1.00000e+00  7.50443e-03  7.50443e-03
7.760000000e-01  7.4996940e-03  2.11499e-05  1.00000e+00  7.49969e-03  7.50003e-03
7.980000000e-01  7.4934114e-03  1.69524e-05  1.00000e+00  7.49341e-03  7.49357e-03
8.200000000e-01  7.4868005e-03  1.56190e-05  1.00000e+00  7.48680e-03  7.48680e-03
8.420000000e-01  7.4812788e-03  1.62172e-05  1.00000e+00  7.48128e-03  7.48128e-03
8.640000000e-01  7.4804835e-03  1.48987e-05  1.00000e+00  7.48048e-03  7.48199e-03
8.860000000e-01  7.4730451e-03  1.46148e-05  1.00000e+00  7.47305e-03  7.47377e-03
9.080000000e-01  7.4661261e-03  1.39412e-05  1.00000e+00  7.46613e-03  7.46621e-03
9.300000000e-01  7.4645967e-03  1.32722e-05  1.00000e+00  7.46460e-03  7.46556e-03
9.520000000e-01  7.4564772e-03  1.28584e-05  1.00000e+00  7.45648e-03  7.45654e-03
9.740000000e-01  7.4524173e-03  1.28487e-05  1.00000e+00  7.45242e-03  7.45262e-03
9.960000000e-01  7.4477171e-03  1.25683e-05  1.00000e+00  7.44772e-03  7.44784e-03
1.018000000e+00  7.4432098e-03  1.21795e-05  1.00000e+00  7.44321e-03  7.44325e-03
1.040000000e+00  7.4720483e-03  1.18712e-05  1.00000e+00  7.47205e-03  7.49758e-03
1.062000000e+00  7.4832401e-03  1.16284e-05  1.00000e+00  7.48324e-03  7.52523e-03
1.084000000e+00  7.4489475e-03  1.15325e-05  1.00000e+00  7.44895e-03  7.46146e-03
1.106000000e+00  7.4360379e-03  1.17684e-05  1.00000e+00  7.43604e-03  7.44080e-03
1.128000000e+00  7.4406531e-03  1.18270e-05  1.00000e+00  7.44065e-03  7.45394e-03
1.150000000e+00  7.4296991e-03  1.17748e-05  1.00000e+00  7.42970e-03  7.43523e-03
1.172000000e+00  7.4194721e-03  1.16949e-05  1.00000e+00  7.41947e-03  7.42032e-03
1.194000000e+00  7.4264955e-03  1.15818e-05  1.00000e+00  7.42650e-03  7.45236e-03
1.216000000e+00  7.5646688e-03  1.13162e-05  1.00000e+00  7.56467e-03  7.68597e-03
1.238000000e+00  7.5309936e-03  1.11930e-05  1.00000e+00  7.53099e-03  7.65922e-03
1.260000000e+00  7.4362845e-03  1.10881e-05  1.00000e+00  7.43628e-03  7.50805e-03
1.282000000e+00  7.4263841e-03  1.09930e-05  1.00000e+00  7.42638e-03  7.53300e-03
1.304000000e+00  7.4187013e-03  1.09547e-05  1.00000e+00  7.41870e-03  7.53583e-03
1.326000000e+00  7.4336400e-03  1.15236e-05  1.00000e+00  7.43364e-03  7.61138e-03
1.348000000e+00  7.3333064e-03  1.33038e-05  1.00000e+00  7.33331e-03  7.58142e-03
1.370000000e+00  7.3613650e-03  1.32242e-05  1.00000e+00  7.36137e-03  7.48585e-03
1.392000000e+00  7.3644064e-03  1.35094e-05  1.00000e+00  7.36441e-03  7.47032e-03
1.414000000e+00  7.3772948e-03  1.39601e-05  1.00000e+00  7.37729e-03  7.41692e-03
1.436000000e+00  7.3521414e-03  1.40379e-05  1.00000e+00  7.35214e-03  7.69203e-03
1.458000000e+00  7.4814236e-03  1.39844e-05  1.00000e+00  7.48142e-03  7.84522e-03
1.480000000e+00  7.3142194e-03  1.39977e-05  1.00000e+00  7.31422e-03  7.69469e-03
1.502000000e+00  7.2656152e-03  1.37517e-05  1.00000e+00  7.26562e-03  7.64865e-03
1.524000000e+00  7.3193011e-03  1.35306e-05  1.00000e+00  7.31930e-03  7.70660e-03
1.546000000e+00  7.2554827e-03  1.33821e-05  1.00000e+00  7.25548e-03  7.64885e-03
1.568000000e+00  7.3993532e-03  1.31397e-05  1.00000e+00  7.39935e-03  7.79360e-03
1.590000000e+00  7.4085111e-03  1.28522e-05  1.00000e+00  7.40851e-03  7.79987e-03
1.612000000e+00  7.4129381e-03  1.26698e-05  1.00000e+00  7.41294e-03  7.80636e-03
1.634000000e+00  7.4255492e-03  1.23816e-05  1.00000e+00  7.42555e-03  7.81367e-03
1.656000000e+00  7.3063932e-03  1.21084e-05  1.00000e+00  7.30639e-03  7.68888e-03
1.678000000e+00  7.3094685e-03  1.19667e-05  1.00000e+00  7.30947e-03  7.69413e-03
1.700000000e+00  7.2174760e-03  1.22292e-05  1.00000e+00  7.21748e-03  7.62117e-03
1.722000000e+00  7.2569186e-03  1.28663e-05  1.00000e+00  7.25692e-03  7.49395e-03
1.744000000e+00  7.2520225e-03  1.34774e-05  1.00000e+00  7.25202e-03  7.44273e-03
1.766000000e+00  7.0477330e-03  1.41913e-05  1.00000e+00  7.04773e-03  7.64278e-03
1.788000000e+00  6.9713140e-03  1.47420e-05  1.00000e+00  6.97131e-03  7.62684e-03
1.810000000e+00  6.9048429e-03  1.51881e-05  1.00000e+00  6.90484e-03  7.61448e-03
1.832000000e+00  6.8877491e-03  1.52222e-05  1.00000e+00  6.88775e-03  7.61447e-03
1.854000000e+00  6.7934244e-03  1.59329e-05  1.00000e+00  6.79342e-03  7.53886e-03
1.876000000e+00  6.8578509e-03  1.57932e-05  1.00000e+00  6.85785e-03  7.66655e-03
1.898000000e+00  6.9651938e-03  1.55296e-05  1.00000e+00  6.96519e-03  7.76482e-03
1.920000000e+00  6.9982466e-03  1.55261e-05  1.00000e+00  6.99825e-03  7.81068e-03
1.942000000e+00  7.1913022e-03  1.55648e-05  1.00000e+00  7.19130e-03  8.02060e-03
1.964000000e+00  7.1855072e-03  1.55530e-05  1.00000e+00  7.18551e-03  8.02569e-03
1.986000000e+00  7.0733087e-03  1.59386e-05  1.00000e+00  7.07331e-03  7.96677e-03
2.008000000e+00  7.1250286e-03  1.60997e-05  1.00000e+00  7.12503e-03  8.04816e-03
2.030000000e+00  7.1905485e-03  1.61039e-05  1.00000e+00  7.19055e-03  8.12556e-03
2.052000000e+00  7.1586192e-03  1.60337e-05  1.00000e+00  7.15862e-03  8.09639e-03
2.074000000e+00  7.0385832e-03  1.59926e-05  1.00000e+00  7.03858e-03  7.98171e-03
2.096000000e+00  7.0596790e-03  1.58557e-05  1.00000e+00  7.05968e-03  7.99661e-03
2.118000000e+00  7.0689890e-03  1.56867e-05  1.00000e+00  7.06899e-03  7.99532e-03
2.140000000e+00  7.0023471e-03  1.55170e-05  1.00000e+00  7.00235e-03  7.91725e-03
2.162000000e+00  6.8599103e-03  1.53029e-05  1.00000e+00  6.85991e-03  7.75751e-03
2.184000000e+00  6.8086959e-03  1.51591e-05  1.00000e+00  6.80870e-03  7.69659e-03
2.206000000e+00  6.7668479e-03  1.50180e-05  1.00000e+00  6.76685e-03  7.64120e-03
2.228000000e+00  6.7608718e-03  1.48322e-05  1.00000e+00  6.76087e-03  7.53060e-03
2.250000000e+00  6.9205428e-03  1.46870e-05  1.00000e+00  6.92054e-03  7.49856e-03
2.272000000e+00  6.8446755e-03  1.46769e-05  1.00000e+00  6.84468e-03  7.50432e-03
2.294000000e+00  6.9186175e-03  1.48534e-05  1.00000e+00  6.91862e-03  7.49690e-03
2.316000000e+00  6.7588685e-03  1.52166e-05  1.00000e+00  6.75887e-03  7.52186e-03
2.338000000e+00  6.6398423e-03  1.55840e-05  1.00000e+00  6.63984e-03  7.51182e-03
2.360000000e+00  6.9809124e-03  1.60284e-05  1.00000e+00  6.98091e-03  7.45903e-03
2.382000000e+00  6.9157280e-03  1.63634e-05  1.00000e+00  6.91573e-03  7.46329e-03
2.404000000e+00  6.6959127e-03  1.71187e-05  1.00000e+00  6.69591e-03  7.46576e-03
2.426000000e+00  7.1163082e-03  1.78745e-05  1.00000e+00  7.11631e-03  7.39776e-03
2.448000000e+00  7.2254262e-03  1.84526e-05  1.00000e+00  7.22543e-03  7.39022e-03
2.470000000e+00  6.1658996e-03  1.92672e-05  1.00000e+00  6.16590e-03  7.59649e-03
2.492000000e+00  6.1360267e-03  1.96425e-05  1.00000e+00  6.13603e-03  7.69780e-03
2.514000000e+00  6.0607254e-03  2.02426e-05  1.00000e+00  6.06073e-03  7.71846e-03
2.536000000e+00  6.0537893e-03  2.05049e-05  1.00000e+00  6.05379e-03  7.75535e-03
2.558000000e+00  6.0696845e-03  2.07258e-05  1.00000e+00  6.06968e-03  7.80841e-03
2.580000000e+00  6.1125283e-03  2.06892e-05  1.00000e+00  6.11253e-03  7.84656e-03
2.602000000e+00  6.1185088e-03  2.05679e-05  1.00000e+00  6.11851e-03  7.83364e-03
2.624000000e+00  6.1203003e-03  2.05819e-05  1.00000e+00  6.12030e-03  7.83785e-03
2.646000000e+00  6.2830574e-03  2.03911e-05  1.00000e+00  6.28306e-03  7.97007e-03
2.668000000e+00  6.6052518e-03  2.04662e-05  1.00000e+00  6.60525e-03  8.30407e-03
2.690000000e+00  6.6005597e-03  2.09352e-05  1.00000e+00  6.60056e-03  8.37397e-03
2.712000000e+00  6.5207160e-03  2.14834e-05  1.00000e+00  6.52072e-03  8.38268e-03
2.734000000e+00  6.4504079e-03  2.18511e-05  1.00000e+00  6.45041e-03  8.37175e-03
2.756000000e+00  6.3922204e-03  2.19441e-05  1.00000e+00  6.39222e-03  8.32660e-03
2.778000000e+00  6.2842017e-03  2.23017e-05  1.00000e+00  6.28420e-03  8.27618e-03
2.800000000e+00  6.2930666e-03  2.23616e-05  1.00000e+00  6.29307e-03  8.29183e-03
2.822000000e+00  6.2807744e-03  2.25983e-05  1.00000e+00  6.28077e-03  8.31626e-03
2.844000000e+00  6.2333449e-03  2.29836e-05  1.00000e+00  6.23334e-03  8.33114e-03
2.866000000e+00  6.2659867e-03  2.28207e-05  1.00000e+00  6.26599e-03  8.33075e-03
2.888000000e+00  6.2163905e-03  2.28777e-05  1.00000e+00  6.21639e-03  8.28579e-03
2.910000000e+00  6.0382535e-03  2.33026e-05  1.00000e+00  6.03825e-03  8.17563e-03
2.932000000e+00  5.8506361e-03  2.33965e-05  1.00000e+00  5.85064e-03  7.99804e-03
2.954000000e+00  5.7597284e-03  2.36063e-05  1.00000e+00  5.75973e-03  7.93656e-03
2.976000000e+00  5.6728221e-03  2.36689e-05  1.00000e+00  5.67282e-03  7.85208e-03
2.998000000e+00  5.6019633e-03  2.39049e-05  1.00000e+00  5.60196e-03  7.81372e-03
3.020000000e+00  5.6139992e-03  2.38959e-05  1.00000e+00  5.61400e-03  7.81505e-03
3.042000000e+00  5.5728344e-03  2.40045e-05  1.00000e+00  5.57283e-03  7.78330e-03
3.064000000e+00  5.5363258e-03  2.39914e-05  1.00000e+00  5.53633e-03  7.73460e-03
3.086000000e+00  5.4911611e-03  2.40436e-05  1.00000e+00  5.49116e-03  7.68828e-03
3.108000000e+00  5.4522724e-03  2.40735e-05  1.00000e+00  5.45227e-03  7.64405e-03
3.130000000e+00  5.4661747e-03  2.40939e-05  1.00000e+00  5.46617e-03  7.65094e-03
3.152000000e+00  5.4569012e-03  2.41835e-05  1.00000e+00  5.45690e-03  7.64616e-03
3.174000000e+00  5.4787412e-03  2.41966e-05  1.00000e+00  5.47874e-03  7.65920e-03
3.196000000e+00  5.4703222e-03  2.43094e-05  1.00000e+00  5.47032e-03  7.65861e-03
3.218000000e+00  5.4918536e-03  2.42243e-05  1.00000e+00  5.49185e-03  7.65423e-03
3.240000000e+00  5.5147819e-03  2.42123e-05  1.00000e+00  5.51478e-03  7.66355e-03
3.262000000e+00  5.5092845e-03  2.40600e-05  1.00000e+00  5.50928e-03  7.62087e-03
3.284000000e+00  5.4376255e-03  2.42761e-05  1.00000e+00  5.43763e-03  7.57275e-03
3.306000000e+00  5.4739798e-03  2.41942e-05  1.00000e+00  5.47398e-03  7.58363e-03
3.328000000e+00  5.4799128e-03  2.41678e-05  1.00000e+00  5.47991e-03  7.57305e-03
3.350000000e+00  5.4655482e-03  2.42938e-05  1.00000e+00  5.46555e-03  7.56672e-03
3.372000000e+00  5.4675045e-03  2.42490e-05  1.00000e+00  5.46750e-03  7.54878e-03
3.394000000e+00  5.4581569e-03  2.43035e-05  1.00000e+00  5.45816e-03  7.52889e-03
3.416000000e+00  5.6178674e-03  2.42776e-05  1.00000e+00  5.61787e-03  7.47754e-03
3.438000000e+00  5.9629656e-03  2.44040e-05  1.00000e+00  5.96297e-03  7.45791e-03
3.460000000e+00  6.0924943e-03  2.43470e-05  1.00000e+00  6.09249e-03  7.46350e-03
3.482000000e+00  5.8427955e-03  2.44370e-05  1.00000e+00  5.84280e-03  7.50080e-03
3.504000000e+00  5.6291909e-03  2.43648e-05  1.00000e+00  5.62919e-03  7.55211e-03
3.526000000e+00  5.5566150e-03  2.45752e-05  1.00000e+00  5.55662e-03  7.57162e-03
3.548000000e+00  5.5673495e-03  2.45875e-05  1.00000e+00  5.56735e-03  7.57010e-03
3.570000000e+00  5.5833471e-03  2.46128e-05  1.00000e+00  5.58335e-03  7.57541e-03
3.592000000e+00  5.5862998e-03  2.47080e-05  1.00000e+00  5.58630e-03  7.56944e-03
3.614000000e+00  5.6227299e-03  2.46229e-05  1.00000e+00  5.62273e-03  7.55983e-03
3.636000000e+00  5.6716588e-03  2.46818e-05  1.00000e+00  5.67166e-03  7.55082e-03
3.658000000e+00  5.8718119e-03  2.48776e-05  1.00000e+00  5.87181e-03  7.50852e-03
3.680000000e+00  5.9970262e-03  2.48689e-05  1.00000e+00  5.99703e-03  7.50318e-03
3.702000000e+00  6.3372444e-03  2.48885e-05  1.00000e+00  6.33724e-03  7.47995e-03
3.724000000e+00  6.0980193e-03  2.49365e-05  1.00000e+00  6.09802e-03  7.50961e-03
3.746000000e+00  5.6623662e-03  2.49525e-05  1.00000e+00  5.66237e-03  7.59658e-03
3.768000000e+00  5.6880053e-03  2.50060e-05  1.00000e+00  5.68801e-03  7.64284e-03
3.790000000e+00  5.7284451e-03  2.49315e-05  1.00000e+00  5.72845e-03  7.65861e-03
3.812000000e+00  5.7037626e-03  2.51093e-05  1.00000e+00  5.70376e-03  7.64511e-03
3.834000000e+00  5.7018191e-03  2.52650e-05  1.00000e+00  5.70182e-03  7.65100e-03
3.856000000e+00  5.7322158e-03  2.52593e-05  1.00000e+00  5.73222e-03  7.66633e-03
3.878000000e+00  5.7213328e-03  2.53179e-05  1.00000e+00  5.72133e-03  7.64928e-03
3.900000000e+00  5.6594325e-03  2.56245e-05  1.00000e+00  5.65943e-03  7.61547e-03
3.922000000e+00  5.6292945e-03  2.56978e-05  1.00000e+00  5.62929e-03  7.57794e-03
3.944000000e+00  5.6041377e-03  2.59026e-05  1.00000e+00  5.60414e-03  7.56010e-03
3.966000000e+00  5.6028277e-03  2.61394e-05  1.00000e+00  5.60283e-03  7.58449e-03
3.988000000e+00  5.6148721e-03  2.67230e-05  1.00000e+00  5.61487e-03  7.66312e-03
4.010000000e+00  5.6853938e-03  2.67881e-05  1.00000e+00  5.68539e-03  7.72701e-03
4.032000000e+00  5.6930475e-03  2.71553e-05  1.00000e+00  5.69305e-03  7.76937e-03
4.054000000e+00  5.6837620e-03  2.76171e-05  1.00000e+00  5.68376e-03  7.80747e-03
4.076000000e+00  5.6381473e-03  2.81616e-05  1.00000e+00  5.63815e-03  7.82027e-03
4.098000000e+00  5.6188071e-03  2.83041e-05  1.00000e+00  5.61881e-03  7.80331e-03
4.120000000e+00  5.6074595e-03  2.86500e-05  1.00000e+00  5.60746e-03  7.82212e-03
4.142000000e+00  5.6290641e-03  2.87588e-05  1.00000e+00  5.62906e-03  7.84099e-03
4.164000000e+00  5.6241353e-03  2.93646e-05  1.00000e+00  5.62414e-03  7.90111e-03
4.186000000e+00  5.8069334e-03  2.93301e-05  1.00000e+00  5.80693e-03  8.06116e-03
4.208000000e+00  5.9108799e-03  2.97758e-05  1.00000e+00  5.91088e-03  8.20746e-03
4.230000000e+00  6.0625038e-03  2.97217e-05  1.00000e+00  6.06250e-03  8.33338e-03
4.252000000e+00  6.0653340e-03  3.05025e-05  1.00000e+00  6.06533e-03  8.42276e-03
4.274000000e+00  6.1506931e-03  3.05252e-05  1.00000e+00  6.15069e-03  8.49195e-03
4.296000000e+00  6.1720025e-03  3.08916e-05  1.00000e+00  6.17200e-03  8.54296e-03
4.318000000e+00  6.1936335e-03  3.10875e-05  1.00000e+00  6.19363e-03  8.57106e-03
4.340000000e+00  6.1692893e-03  3.14838e-05  1.00000e+00  6.16929e-03  8.57944e-03
4.362000000e+00  6.1498322e-03  3.17978e-05  1.00000e+00  6.14983e-03  8.58131e-03
4.384000000e+00  6.1195644e-03  3.21670e-05  1.00000e+00  6.11956e-03  8.57920e-03
4.406000000e+00  6.0828618e-03  3.25404e-05  1.00000e+00  6.08286e-03  8.57071e-03
4.428000000e+00  6.0110004e-03  3.32269e-05  1.00000e+00  6.01100e-03  8.56763e-03
4.450000000e+00  6.0390242e-03  3.30980e-05  1.00000e+00  6.03902e-03  8.55720e-03
4.472000000e+00  5.9896837e-03  3.35775e-05  1.00000e+00  5.98968e-03  8.54841e-03
4.494000000e+00  5.9601477e-03  3.38103e-05  1.00000e+00  5.96015e-03  8.52697e-03
4.516000000e+00  5.9036046e-03  3.39938e-05  1.00000e+00  5.90360e-03  8.47183e-03
4.538000000e+00  5.7799569e-03  3.43284e-05  1.00000e+00  5.77996e-03  8.36849e-03
4.560000000e+00  5.6461123e-03  3.48335e-05  1.00000e+00  5.64611e-03  8.27613e-03
4.582000000e+00  5.6531559e-03  3.47641e-05  1.00000e+00  5.65316e-03  8.25172e-03
4.604000000e+00  5.5591043e-03  3.54423e-05  1.00000e+00  5.55910e-03  8.21990e-03
4.626000000e+00  5.4937624e-03  3.57182e-05  1.00000e+00  5.49376e-03  8.16572e-03
4.648000000e+00  5.4023855e-03  3.59974e-05  1.00000e+00  5.40239e-03  8.08549e-03
4.670000000e+00  5.3537623e-03  3.64450e-05  1.00000e+00  5.35376e-03  8.06851e-03
4.692000000e+00  5.3936950e-03  3.63769e-05  1.00000e+00  5.39369e-03  8.07639e-03
4.714000000e+00  5.3815901e-03  3.68598e-05  1.00000e+00  5.38159e-03  8.09938e-03
4.736000000e+00  5.3437962e-03  3.71417e-05  1.00000e+00  5.34380e-03  8.07165e-03
4.758000000e+00  5.2835667e-03  3.76290e-05  1.00000e+00  5.28357e-03  8.04578e-03
4.780000000e+00  5.2662872e-03  3.81846e-05  1.00000e+00  5.26629e-03  8.07046e-03
4.802000000e+00  5.2550911e-03  3.82636e-05  1.00000e+00  5.25509e-03  8.04377e-03
4.824000000e+00  5.2293070e-03  3.85761e-05  1.00000e+00  5.22931e-03  8.02999e-03
4.846000000e+00  5.1685167e-03  3.91214e-05  1.00000e+00  5.16852e-03  8.00807e-03
4.868000000e+00  5.1181923e-03  3.95977e-05  1.00000e+00  5.11819e-03  7.98784e-03
4.890000000e+00  5.1073552e-03  3.97579e-05  1.00000e+00  5.10736e-03  7.96986e-03
4.912000000e+00  5.0974359e-03  3.97025e-05  1.00000e+00  5.09744e-03  7.92796e-03
4.934000000e+00  4.9838375e-03  4.05666e-05  1.00000e+00  4.98384e-03  7.88724e-03
4.956000000e+00  4.9185130e-03  4.12018e-05  1.00000e+00  4.91851e-03  7.86780e-03
4.978000000e+00  4.9321254e-03  4.11491e-05  1.00000e+00  4.93213e-03  7.84892e-03
5.000000000e+00  4.8658230e-03  4.18108e-05  1.00000e+00  4.86582e-03  7.83017e-03
5.022000000e+00  4.7479858e-03  4.29189e-05  1.00000e+00  4.74799e-03  7.80880e-03
5.044000000e+00  4.8161810e-03  4.24405e-05  1.00000e+00  4.81618e-03  7.79644e-03
5.066000000e+00  4.7730551e-03  4.29691e-05  1.00000e+00  4.77306e-03  7.78410e-03
5.088000000e+00  4.7182230e-03  4.36991e-05  1.00000e+00  4.71822e-03  7.78130e-03
5.110000000e+00  4.7629096e-03  4.38527e-05  1.00000e+00  4.76291e-03  7.81480e-03
5.132000000e+00  4.7006141e-03  4.44270e-05  1.00000e+00  4.70061e-03  7.78619e-03
5.154000000e+00  4.6710532e-03  4.49809e-05  1.00000e+00  4.67105e-03  7.78747e-03
5.176000000e+00  4.6806187e-03  4.52992e-05  1.00000e+00  4.68062e-03  7.80222e-03
5.198000000e+00  4.7189580e-03  4.53908e-05  1.00000e+00  4.71896e-03  7.82168e-03
5.220000000e+00  4.6766145e-03  4.60367e-05  1.00000e+00  4.67661e-03  7.81806e-03
5.242000000e+00  4.6691370e-03  4.66777e-05  1.00000e+00  4.66914e-03  7.84802e-03
5.264000000e+00  4.6991619e-03  4.65489e-05  1.00000e+00  4.69916e-03  7.83571e-03
5.286000000e+00  4.6088401e-03  4.77723e-05  1.00000e+00  4.60884e-03  7.84090e-03
