# ------------------------------------------------------------------------
# Radiance spectrum
# NASA-GSFC Planetary Spectrum Generator (PSG) (Villanueva et al. 2018, 2022)
# Synthesized on Mon Mar 13 12:35:32 2023
# Doppler velocities [km/s] (vobs,vrot+vorb,vwidth,vrfl,vstr): -21.10000,-0.00000,0.23000,0.45436,0.00000
# Spectral unit: Wavelength [um]
# Radiance unit: Contrast [ppm]
# Wave/freq Total Noise Stellar Object Reflected Thermal Transit
6.000000000e-01 -3.4694470e-11  1.82255e+02  9.92667e+05  0.00000e+00 -7.33345e+03 -7.33345e+03  0.00000e+00
6.220000000e-01  5.7245875e-11  1.67419e+02  9.92667e+05  0.00000e+00 -7.33345e+03 -7.33345e+03  0.00000e+00
6.440000000e-01 -5.2041704e-12  1.31664e+02  9.92667e+05  0.00000e+00 -7.33345e+03 -7.33345e+03  0.00000e+00
6.660000000e-01 -9.1940344e-11  1.35497e+02  9.92667e+05 -8.67362e-13 -7.33345e+03 -7.33345e+03 -8.67362e-13
6.880000000e-01 -6.2450045e-11  1.18891e+02  9.92667e+05 -8.67362e-13 -7.33345e+03 -7.33345e+03 -8.67362e-13
7.100000000e-01 -8.0664642e-11  1.12448e+02  9.92667e+05  0.00000e+00 -7.33345e+03 -7.33345e+03  0.00000e+00
7.320000000e-01  1.0061396e-10  8.36885e+01  9.92667e+05  0.00000e+00 -7.33345e+03 -7.33345e+03  0.00000e+00
7.540000000e-01  2.1684043e-11  6.73274e+01  9.92667e+05 -8.67362e-13 -7.33345e+03 -7.33345e+03 -8.67362e-13
7.760000000e-01 -3.4694470e-11  8.15783e+01  9.92667e+05  0.00000e+00 -7.33345e+03 -7.33345e+03  0.00000e+00
7.980000000e-01  9.5409791e-12  6.53911e+01  9.92667e+05 -8.67362e-13 -7.33345e+03 -7.33345e+03 -8.67362e-13
8.200000000e-01 -6.3317407e-11  6.02485e+01  9.92667e+05 -8.67362e-13 -7.33345e+03 -7.33345e+03 -8.67362e-13
8.420000000e-01  3.3827108e-11  6.25555e+01  9.92667e+05  0.00000e+00 -7.33345e+03 -7.33345e+03  0.00000e+00
8.640000000e-01 -7.4593109e-11  5.74704e+01  9.92667e+05  8.67362e-13 -7.33345e+03 -7.33345e+03  8.67362e-13
8.860000000e-01 -6.0715322e-12  5.63753e+01  9.92667e+05  0.00000e+00 -7.33345e+03 -7.33345e+03  0.00000e+00
9.080000000e-01  3.0357661e-11  5.37771e+01  9.92667e+05  0.00000e+00 -7.33345e+03 -7.33345e+03  0.00000e+00
9.300000000e-01  5.8980598e-11  5.11969e+01  9.92667e+05  8.67362e-13 -7.33345e+03 -7.33345e+03  8.67362e-13
9.520000000e-01 -7.8929918e-11  4.96005e+01  9.92667e+05  0.00000e+00 -7.33345e+03 -7.33345e+03  0.00000e+00
9.740000000e-01  4.5970172e-11  4.95629e+01  9.92667e+05  8.67362e-13 -7.33345e+03 -7.33345e+03  8.67362e-13
9.960000000e-01 -8.1532003e-11  4.84813e+01  9.92667e+05  0.00000e+00 -7.33345e+03 -7.33345e+03  0.00000e+00
1.018000000e+00  1.0408341e-11  4.69819e+01  9.92667e+05  0.00000e+00 -7.33345e+03 -7.33345e+03  0.00000e+00
1.040000000e+00  7.9797280e-11  4.57931e+01  9.92667e+05  0.00000e+00 -7.33345e+03 -7.33345e+03  0.00000e+00
1.062000000e+00 -2.6020852e-12  4.48572e+01  9.92667e+05  8.67362e-13 -7.33345e+03 -7.33345e+03  8.67362e-13
1.084000000e+00  7.0256301e-11  4.44863e+01  9.92667e+05  8.67362e-13 -7.33345e+03 -7.33345e+03  8.67362e-13
1.106000000e+00  0.0000000e+00  4.53960e+01  9.92667e+05  0.00000e+00 -7.33345e+03 -7.33345e+03  0.00000e+00
1.128000000e+00  0.0000000e+00  4.56223e+01  9.92667e+05  0.00000e+00 -7.33345e+03 -7.33345e+03  0.00000e+00
1.150000000e+00 -3.6429193e-11  4.54206e+01  9.92667e+05  0.00000e+00 -7.33345e+03 -7.33345e+03  0.00000e+00
1.172000000e+00  1.7347235e-12  4.51120e+01  9.92667e+05  0.00000e+00 -7.33345e+03 -7.33345e+03  0.00000e+00
1.194000000e+00  0.0000000e+00  4.46759e+01  9.92667e+05  0.00000e+00 -7.33345e+03 -7.33345e+03  0.00000e+00
1.216000000e+00 -1.2143064e-11  4.36547e+01  9.92667e+05 -8.67362e-13 -7.33345e+03 -7.33345e+03  0.00000e+00
1.238000000e+00 -6.0715322e-12  4.31785e+01  9.92667e+05 -1.73472e-12 -7.33345e+03 -7.33345e+03  0.00000e+00
1.260000000e+00 -3.5561831e-11  4.27719e+01  9.92667e+05 -2.60209e-12 -7.33345e+03 -7.33345e+03  0.00000e+00
1.282000000e+00  6.1582683e-11  4.24051e+01  9.92667e+05 -4.33681e-12 -7.33345e+03 -7.33345e+03  0.00000e+00
1.304000000e+00  3.7296555e-11  4.22571e+01  9.92667e+05 -6.07153e-12 -7.33345e+03 -7.33345e+03  0.00000e+00
1.326000000e+00 -3.2092384e-11  4.44516e+01  9.92667e+05 -1.30104e-11 -7.33345e+03 -7.33345e+03  8.67362e-13
1.348000000e+00 -8.9338259e-11  5.13153e+01  9.92667e+05 -3.03577e-11 -7.33345e+03 -7.33345e+03  0.00000e+00
1.370000000e+00 -5.2909066e-11  5.10090e+01  9.92667e+05 -5.03070e-11 -7.33345e+03 -7.33345e+03  0.00000e+00
1.392000000e+00 -1.2056328e-10  5.21090e+01  9.92667e+05 -8.67362e-11 -7.33345e+03 -7.33345e+03  0.00000e+00
1.414000000e+00 -1.9168694e-10  5.38475e+01  9.92667e+05 -1.51788e-10 -7.33345e+03 -7.33345e+03  0.00000e+00
1.436000000e+00 -1.9515639e-10  5.41470e+01  9.92667e+05 -2.48065e-10 -7.33345e+03 -7.33345e+03  8.67362e-13
1.458000000e+00 -4.5102810e-10  5.39442e+01  9.92667e+05 -3.92048e-10 -7.33345e+03 -7.33345e+03  0.00000e+00
1.480000000e+00 -5.7159139e-10  5.39910e+01  9.92667e+05 -6.14959e-10 -7.33345e+03 -7.33345e+03  0.00000e+00
1.502000000e+00 -8.5261659e-10  5.30412e+01  9.92667e+05 -9.18536e-10 -7.33345e+03 -7.33345e+03  0.00000e+00
1.524000000e+00 -1.3192572e-09  5.21896e+01  9.92667e+05 -1.35655e-09 -7.33345e+03 -7.33345e+03  0.00000e+00
1.546000000e+00 -1.9741153e-09  5.16155e+01  9.92667e+05 -1.99667e-09 -7.33345e+03 -7.33345e+03  8.67362e-13
1.568000000e+00 -2.9403563e-09  5.06842e+01  9.92667e+05 -2.86403e-09 -7.33345e+03 -7.33345e+03  0.00000e+00
1.590000000e+00 -4.1121620e-09  4.95754e+01  9.92667e+05 -4.02976e-09 -7.33345e+03 -7.33345e+03  0.00000e+00
1.612000000e+00 -5.6083610e-09  4.88721e+01  9.92667e+05 -5.69250e-09 -7.33345e+03 -7.33345e+03  0.00000e+00
1.634000000e+00 -7.8669710e-09  4.77608e+01  9.92667e+05 -7.81753e-09 -7.33345e+03 -7.33345e+03 -8.67362e-13
1.656000000e+00 -1.0614773e-08  4.67042e+01  9.92667e+05 -1.06399e-08 -7.33345e+03 -7.33345e+03  0.00000e+00
1.678000000e+00 -1.4589892e-08  4.61580e+01  9.92667e+05 -1.46402e-08 -7.33345e+03 -7.33345e+03  0.00000e+00
1.700000000e+00 -2.1324956e-08  4.71680e+01  9.92667e+05 -2.13145e-08 -7.33345e+03 -7.33345e+03  0.00000e+00
1.722000000e+00 -3.2564229e-08  4.96262e+01  9.92667e+05 -3.25651e-08 -7.33345e+03 -7.33345e+03  0.00000e+00
1.744000000e+00 -4.8915733e-08  5.19827e+01  9.92667e+05 -4.88836e-08 -7.33345e+03 -7.33345e+03  0.00000e+00
1.766000000e+00 -7.3536663e-08  5.47304e+01  9.92667e+05 -7.34838e-08 -7.33345e+03 -7.33345e+03  0.00000e+00
1.788000000e+00 -1.0674187e-07  5.68516e+01  9.92667e+05 -1.06692e-07 -7.33345e+03 -7.33345e+03  0.00000e+00
1.810000000e+00 -1.5113084e-07  5.85699e+01  9.92667e+05 -1.51215e-07 -7.33345e+03 -7.33345e+03  8.67362e-13
1.832000000e+00 -2.0147512e-07  5.87008e+01  9.92667e+05 -2.01533e-07 -7.33345e+03 -7.33345e+03  0.00000e+00
1.854000000e+00 -2.9020102e-07  6.14382e+01  9.92667e+05 -2.90236e-07 -7.33345e+03 -7.33345e+03  0.00000e+00
1.876000000e+00 -3.7324917e-07  6.09015e+01  9.92667e+05 -3.73198e-07 -7.33345e+03 -7.33345e+03  0.00000e+00
1.898000000e+00 -4.6924357e-07  5.98886e+01  9.92667e+05 -4.69238e-07 -7.33345e+03 -7.33345e+03  0.00000e+00
1.920000000e+00 -6.0548008e-07  5.98759e+01  9.92667e+05 -6.05447e-07 -7.33345e+03 -7.33345e+03  0.00000e+00
1.942000000e+00 -7.8053796e-07  6.00308e+01  9.92667e+05 -7.80541e-07 -7.33345e+03 -7.33345e+03  0.00000e+00
1.964000000e+00 -9.9366435e-07  5.99851e+01  9.92667e+05 -9.93641e-07 -7.33345e+03 -7.33345e+03  0.00000e+00
1.986000000e+00 -1.3210440e-06  6.14687e+01  9.92667e+05 -1.32100e-06 -7.33345e+03 -7.33345e+03  0.00000e+00
2.008000000e+00 -1.6979916e-06  6.20916e+01  9.92667e+05 -1.69793e-06 -7.33345e+03 -7.33345e+03  0.00000e+00
2.030000000e+00 -2.1293115e-06  6.21097e+01  9.92667e+05 -2.12934e-06 -7.33345e+03 -7.33345e+03 -8.67362e-13
2.052000000e+00 -2.6320283e-06  6.18381e+01  9.92667e+05 -2.63210e-06 -7.33345e+03 -7.33345e+03  0.00000e+00
2.074000000e+00 -3.2480156e-06  6.16757e+01  9.92667e+05 -3.24800e-06 -7.33345e+03 -7.33345e+03  0.00000e+00
2.096000000e+00 -3.9420064e-06  6.11487e+01  9.92667e+05 -3.94203e-06 -7.33345e+03 -7.33345e+03  0.00000e+00
2.118000000e+00 -4.7415665e-06  6.04974e+01  9.92667e+05 -4.74164e-06 -7.33345e+03 -7.33345e+03  8.67362e-13
2.140000000e+00 -5.6745754e-06  5.98409e+01  9.92667e+05 -5.67464e-06 -7.33345e+03 -7.33345e+03  0.00000e+00
2.162000000e+00 -6.7203586e-06  5.90111e+01  9.92667e+05 -6.72034e-06 -7.33345e+03 -7.33345e+03 -8.67362e-13
2.184000000e+00 -7.9941141e-06  5.84553e+01  9.92667e+05 -7.99409e-06 -7.33345e+03 -7.33345e+03 -8.67362e-13
2.206000000e+00 -9.4706170e-06  5.79100e+01  9.92667e+05 -9.47069e-06 -7.33345e+03 -7.33345e+03  0.00000e+00
2.228000000e+00 -1.1106769e-05  5.71935e+01  9.92667e+05 -1.11068e-05 -7.33345e+03 -7.33345e+03  0.00000e+00
2.250000000e+00 -1.3042400e-05  5.66382e+01  9.92667e+05 -1.30424e-05 -7.33345e+03 -7.33345e+03  8.67362e-13
2.272000000e+00 -1.5528901e-05  5.65973e+01  9.92667e+05 -1.55289e-05 -7.33345e+03 -7.33345e+03  0.00000e+00
2.294000000e+00 -1.8884984e-05  5.72799e+01  9.92667e+05 -1.88850e-05 -7.33345e+03 -7.33345e+03  0.00000e+00
2.316000000e+00 -2.3430796e-05  5.86756e+01  9.92667e+05 -2.34309e-05 -7.33345e+03 -7.33345e+03  0.00000e+00
2.338000000e+00 -2.8951625e-05  6.00887e+01  9.92667e+05 -2.89516e-05 -7.33345e+03 -7.33345e+03  0.00000e+00
2.360000000e+00 -3.5962774e-05  6.18123e+01  9.92667e+05 -3.59628e-05 -7.33345e+03 -7.33345e+03  0.00000e+00
2.382000000e+00 -4.3861876e-05  6.31019e+01  9.92667e+05 -4.38619e-05 -7.33345e+03 -7.33345e+03  0.00000e+00
2.404000000e+00 -5.5913697e-05  6.60069e+01  9.92667e+05 -5.59137e-05 -7.33345e+03 -7.33345e+03  0.00000e+00
2.426000000e+00 -7.0817398e-05  6.89347e+01  9.92667e+05 -7.08175e-05 -7.33345e+03 -7.33345e+03  8.67362e-13
2.448000000e+00 -8.7426895e-05  7.11674e+01  9.92667e+05 -8.74269e-05 -7.33345e+03 -7.33345e+03  0.00000e+00
2.470000000e+00 -1.0987252e-04  7.42701e+01  9.92667e+05 -1.09872e-04 -7.33345e+03 -7.33345e+03  0.00000e+00
2.492000000e+00 -1.3156980e-04  7.57153e+01  9.92667e+05 -1.31570e-04 -7.33345e+03 -7.33345e+03  0.00000e+00
2.514000000e+00 -1.6040513e-04  7.80253e+01  9.92667e+05 -1.60405e-04 -7.33345e+03 -7.33345e+03  0.00000e+00
2.536000000e+00 -1.8865464e-04  7.90358e+01  9.92667e+05 -1.88655e-04 -7.33345e+03 -7.33345e+03  8.67362e-13
2.558000000e+00 -2.2037019e-04  7.98874e+01  9.92667e+05 -2.20370e-04 -7.33345e+03 -7.33345e+03  0.00000e+00
2.580000000e+00 -2.5066125e-04  7.97482e+01  9.92667e+05 -2.50661e-04 -7.33345e+03 -7.33345e+03  0.00000e+00
2.602000000e+00 -2.8214077e-04  7.92808e+01  9.92667e+05 -2.82141e-04 -7.33345e+03 -7.33345e+03  0.00000e+00
2.624000000e+00 -3.2082429e-04  7.93349e+01  9.92667e+05 -3.20824e-04 -7.33345e+03 -7.33345e+03 -8.67362e-13
2.646000000e+00 -3.5705239e-04  7.86060e+01  9.92667e+05 -3.57052e-04 -7.33345e+03 -7.33345e+03  0.00000e+00
2.668000000e+00 -4.0655019e-04  7.89075e+01  9.92667e+05 -4.06550e-04 -7.33345e+03 -7.33345e+03 -8.67362e-13
2.690000000e+00 -4.7890666e-04  8.07152e+01  9.92667e+05 -4.78907e-04 -7.33345e+03 -7.33345e+03  0.00000e+00
2.712000000e+00 -5.6627342e-04  8.28251e+01  9.92667e+05 -5.66273e-04 -7.33345e+03 -7.33345e+03  8.67362e-13
2.734000000e+00 -6.5679919e-04  8.42394e+01  9.92667e+05 -6.56799e-04 -7.33345e+03 -7.33345e+03  8.67362e-13
2.756000000e+00 -7.4185949e-04  8.45953e+01  9.92667e+05 -7.41859e-04 -7.33345e+03 -7.33345e+03  8.67362e-13
2.778000000e+00 -8.5549189e-04  8.59691e+01  9.92667e+05 -8.55492e-04 -7.33345e+03 -7.33345e+03  0.00000e+00
2.800000000e+00 -9.5953990e-04  8.62002e+01  9.92667e+05 -9.59540e-04 -7.33345e+03 -7.33345e+03  0.00000e+00
2.822000000e+00 -1.0903752e-03  8.71119e+01  9.92667e+05 -1.09038e-03 -7.33345e+03 -7.33345e+03  0.00000e+00
2.844000000e+00 -1.2517882e-03  8.85947e+01  9.92667e+05 -1.25179e-03 -7.33345e+03 -7.33345e+03  0.00000e+00
2.866000000e+00 -1.3701549e-03  8.79683e+01  9.92667e+05 -1.37015e-03 -7.33345e+03 -7.33345e+03  0.00000e+00
2.888000000e+00 -1.5246226e-03  8.81861e+01  9.92667e+05 -1.52462e-03 -7.33345e+03 -7.33345e+03  0.00000e+00
2.910000000e+00 -1.7455050e-03  8.98156e+01  9.92667e+05 -1.74550e-03 -7.33345e+03 -7.33345e+03  0.00000e+00
2.932000000e+00 -1.9408734e-03  9.01694e+01  9.92667e+05 -1.94087e-03 -7.33345e+03 -7.33345e+03  0.00000e+00
2.954000000e+00 -2.1741264e-03  9.09738e+01  9.92667e+05 -2.17413e-03 -7.33345e+03 -7.33345e+03  0.00000e+00
2.976000000e+00 -2.4015807e-03  9.12108e+01  9.92667e+05 -2.40158e-03 -7.33345e+03 -7.33345e+03  0.00000e+00
2.998000000e+00 -2.6854504e-03  9.21166e+01  9.92667e+05 -2.68545e-03 -7.33345e+03 -7.33345e+03  0.00000e+00
3.020000000e+00 -2.9401871e-03  9.20824e+01  9.92667e+05 -2.94019e-03 -7.33345e+03 -7.33345e+03  0.00000e+00
3.042000000e+00 -3.2440485e-03  9.24988e+01  9.92667e+05 -3.24405e-03 -7.33345e+03 -7.33345e+03  0.00000e+00
3.064000000e+00 -3.5396052e-03  9.24465e+01  9.92667e+05 -3.53961e-03 -7.33345e+03 -7.33345e+03 -8.67362e-13
3.086000000e+00 -3.8762881e-03  9.26453e+01  9.92667e+05 -3.87629e-03 -7.33345e+03 -7.33345e+03  0.00000e+00
3.108000000e+00 -4.2313961e-03  9.27584e+01  9.92667e+05 -4.23140e-03 -7.33345e+03 -7.33346e+03  0.00000e+00
3.130000000e+00 -4.6092870e-03  9.28376e+01  9.92667e+05 -4.60929e-03 -7.33345e+03 -7.33346e+03  0.00000e+00
3.152000000e+00 -5.0410991e-03  9.31821e+01  9.92667e+05 -5.04110e-03 -7.33345e+03 -7.33346e+03  0.00000e+00
3.174000000e+00 -5.4731050e-03  9.32331e+01  9.92667e+05 -5.47310e-03 -7.33345e+03 -7.33346e+03  0.00000e+00
3.196000000e+00 -5.9803624e-03  9.36673e+01  9.92667e+05 -5.98036e-03 -7.33345e+03 -7.33346e+03  0.00000e+00
3.218000000e+00 -6.4265989e-03  9.33402e+01  9.92667e+05 -6.42660e-03 -7.33345e+03 -7.33346e+03  0.00000e+00
3.240000000e+00 -6.9367118e-03  9.32946e+01  9.92667e+05 -6.93671e-03 -7.33345e+03 -7.33346e+03  8.67362e-13
3.262000000e+00 -7.3964374e-03  9.27078e+01  9.92667e+05 -7.39644e-03 -7.33345e+03 -7.33346e+03 -8.67362e-13
3.284000000e+00 -8.1060962e-03  9.35366e+01  9.92667e+05 -8.10610e-03 -7.33345e+03 -7.33346e+03 -8.67362e-13
3.306000000e+00 -8.6706637e-03  9.32225e+01  9.92667e+05 -8.67066e-03 -7.33345e+03 -7.33346e+03  0.00000e+00
3.328000000e+00 -9.3035366e-03  9.31210e+01  9.92667e+05 -9.30354e-03 -7.33345e+03 -7.33346e+03 -8.67362e-13
3.350000000e+00 -1.0089577e-02  9.36055e+01  9.92667e+05 -1.00896e-02 -7.33345e+03 -7.33346e+03  8.67362e-13
3.372000000e+00 -1.0786234e-02  9.34327e+01  9.92667e+05 -1.07862e-02 -7.33345e+03 -7.33346e+03 -8.67362e-13
3.394000000e+00 -1.1607100e-02  9.36422e+01  9.92667e+05 -1.16071e-02 -7.33345e+03 -7.33346e+03  0.00000e+00
3.416000000e+00 -1.2401544e-02  9.35489e+01  9.92667e+05 -1.24015e-02 -7.33345e+03 -7.33346e+03  0.00000e+00
3.438000000e+00 -1.3394810e-02  9.40510e+01  9.92667e+05 -1.33948e-02 -7.33345e+03 -7.33346e+03  0.00000e+00
3.460000000e+00 -1.4247538e-02  9.38366e+01  9.92667e+05 -1.42475e-02 -7.33345e+03 -7.33347e+03  0.00000e+00
3.482000000e+00 -1.5305893e-02  9.41721e+01  9.92667e+05 -1.53059e-02 -7.33345e+03 -7.33347e+03  0.00000e+00
3.504000000e+00 -1.6224402e-02  9.38847e+01  9.92667e+05 -1.62244e-02 -7.33345e+03 -7.33347e+03  8.67362e-13
3.526000000e+00 -1.7558010e-02  9.46916e+01  9.92667e+05 -1.75580e-02 -7.33345e+03 -7.33347e+03  0.00000e+00
3.548000000e+00 -1.8699787e-02  9.47393e+01  9.92667e+05 -1.86998e-02 -7.33345e+03 -7.33347e+03  0.00000e+00
3.570000000e+00 -1.9916825e-02  9.48372e+01  9.92667e+05 -1.99168e-02 -7.33345e+03 -7.33347e+03  0.00000e+00
3.592000000e+00 -2.1305276e-02  9.52036e+01  9.92667e+05 -2.13053e-02 -7.33345e+03 -7.33347e+03  0.00000e+00
3.614000000e+00 -2.2463318e-02  9.48771e+01  9.92667e+05 -2.24633e-02 -7.33345e+03 -7.33347e+03 -8.67362e-13
3.636000000e+00 -2.3922139e-02  9.51062e+01  9.92667e+05 -2.39221e-02 -7.33345e+03 -7.33347e+03  0.00000e+00
3.658000000e+00 -2.5718142e-02  9.58689e+01  9.92667e+05 -2.57181e-02 -7.33345e+03 -7.33348e+03  0.00000e+00
3.680000000e+00 -2.7204094e-02  9.58405e+01  9.92667e+05 -2.72041e-02 -7.33345e+03 -7.33348e+03  0.00000e+00
3.702000000e+00 -2.8818012e-02  9.59308e+01  9.92667e+05 -2.88180e-02 -7.33345e+03 -7.33348e+03  0.00000e+00
3.724000000e+00 -3.0551878e-02  9.61048e+01  9.92667e+05 -3.05519e-02 -7.33345e+03 -7.33348e+03  0.00000e+00
3.746000000e+00 -3.2281936e-02  9.61469e+01  9.92667e+05 -3.22819e-02 -7.33345e+03 -7.33348e+03  0.00000e+00
3.768000000e+00 -3.4191110e-02  9.63539e+01  9.92667e+05 -3.41911e-02 -7.33345e+03 -7.33349e+03  0.00000e+00
3.790000000e+00 -3.5845090e-02  9.60684e+01  9.92667e+05 -3.58451e-02 -7.33345e+03 -7.33349e+03  0.00000e+00
3.812000000e+00 -3.8253610e-02  9.67520e+01  9.92667e+05 -3.82536e-02 -7.33345e+03 -7.33349e+03 -8.67362e-13
3.834000000e+00 -4.0723545e-02  9.73511e+01  9.92667e+05 -4.07235e-02 -7.33345e+03 -7.33349e+03  8.67362e-13
3.856000000e+00 -4.2815079e-02  9.73304e+01  9.92667e+05 -4.28151e-02 -7.33345e+03 -7.33349e+03  0.00000e+00
3.878000000e+00 -4.5190380e-02  9.75552e+01  9.92667e+05 -4.51904e-02 -7.33345e+03 -7.33350e+03  8.67362e-13
3.900000000e+00 -4.8517799e-02  9.87330e+01  9.92667e+05 -4.85178e-02 -7.33345e+03 -7.33350e+03  0.00000e+00
3.922000000e+00 -5.1186368e-02  9.90139e+01  9.92667e+05 -5.11864e-02 -7.33345e+03 -7.33350e+03  0.00000e+00
3.944000000e+00 -5.4467252e-02  9.98010e+01  9.92667e+05 -5.44673e-02 -7.33345e+03 -7.33351e+03  0.00000e+00
3.966000000e+00 -5.8041832e-02  1.00713e+02  9.92667e+05 -5.80418e-02 -7.33345e+03 -7.33351e+03  0.00000e+00
3.988000000e+00 -6.3281104e-02  1.02960e+02  9.92667e+05 -6.32811e-02 -7.33345e+03 -7.33351e+03 -8.67362e-13
4.010000000e+00 -6.6532306e-02  1.03214e+02  9.92667e+05 -6.65323e-02 -7.33345e+03 -7.33352e+03  8.67362e-13
4.032000000e+00 -7.1329210e-02  1.04628e+02  9.92667e+05 -7.13292e-02 -7.33345e+03 -7.33352e+03  0.00000e+00
4.054000000e+00 -7.6864492e-02  1.06406e+02  9.92667e+05 -7.68645e-02 -7.33345e+03 -7.33353e+03  0.00000e+00
4.076000000e+00 -8.3160326e-02  1.08500e+02  9.92667e+05 -8.31603e-02 -7.33345e+03 -7.33353e+03  0.00000e+00
4.098000000e+00 -8.7609146e-02  1.09047e+02  9.92667e+05 -8.76091e-02 -7.33345e+03 -7.33354e+03  0.00000e+00
4.120000000e+00 -9.3415375e-02  1.10378e+02  9.92667e+05 -9.34154e-02 -7.33345e+03 -7.33354e+03  0.00000e+00
4.142000000e+00 -9.8074056e-02  1.10798e+02  9.92667e+05 -9.80741e-02 -7.33345e+03 -7.33355e+03 -8.67362e-13
4.164000000e+00 -1.0606667e-01  1.13130e+02  9.92667e+05 -1.06067e-01 -7.33345e+03 -7.33356e+03  0.00000e+00
4.186000000e+00 -1.1026153e-01  1.13006e+02  9.92667e+05 -1.10262e-01 -7.33345e+03 -7.33356e+03  0.00000e+00
4.208000000e+00 -1.1789178e-01  1.14726e+02  9.92667e+05 -1.17892e-01 -7.33345e+03 -7.33357e+03  0.00000e+00
4.230000000e+00 -1.2227723e-01  1.14525e+02  9.92667e+05 -1.22277e-01 -7.33345e+03 -7.33357e+03 -8.67362e-13
4.252000000e+00 -1.3308201e-01  1.17532e+02  9.92667e+05 -1.33082e-01 -7.33345e+03 -7.33358e+03  0.00000e+00
4.274000000e+00 -1.3849692e-01  1.17623e+02  9.92667e+05 -1.38497e-01 -7.33345e+03 -7.33359e+03  0.00000e+00
4.296000000e+00 -1.4689580e-01  1.19034e+02  9.92667e+05 -1.46896e-01 -7.33345e+03 -7.33360e+03  8.67362e-13
4.318000000e+00 -1.5419679e-01  1.19789e+02  9.92667e+05 -1.54197e-01 -7.33345e+03 -7.33361e+03  0.00000e+00
4.340000000e+00 -1.6356349e-01  1.21313e+02  9.92667e+05 -1.63563e-01 -7.33345e+03 -7.33361e+03  0.00000e+00
4.362000000e+00 -1.7257618e-01  1.22521e+02  9.92667e+05 -1.72576e-01 -7.33345e+03 -7.33362e+03 -8.67362e-13
4.384000000e+00 -1.8249344e-01  1.23940e+02  9.92667e+05 -1.82493e-01 -7.33345e+03 -7.33363e+03  0.00000e+00
4.406000000e+00 -1.9287100e-01  1.25375e+02  9.92667e+05 -1.92871e-01 -7.33345e+03 -7.33364e+03  8.67362e-13
4.428000000e+00 -2.0700507e-01  1.28014e+02  9.92667e+05 -2.07005e-01 -7.33345e+03 -7.33366e+03  0.00000e+00
4.450000000e+00 -2.1285106e-01  1.27519e+02  9.92667e+05 -2.12851e-01 -7.33345e+03 -7.33366e+03  0.00000e+00
4.472000000e+00 -2.2568339e-01  1.29361e+02  9.92667e+05 -2.25683e-01 -7.33345e+03 -7.33368e+03  0.00000e+00
4.494000000e+00 -2.3614009e-01  1.30255e+02  9.92667e+05 -2.36140e-01 -7.33345e+03 -7.33369e+03  8.67362e-13
4.516000000e+00 -2.4633161e-01  1.30958e+02  9.92667e+05 -2.46332e-01 -7.33345e+03 -7.33370e+03  0.00000e+00
4.538000000e+00 -2.5874467e-01  1.32239e+02  9.92667e+05 -2.58745e-01 -7.33345e+03 -7.33371e+03  0.00000e+00
4.560000000e+00 -2.7385950e-01  1.34175e+02  9.92667e+05 -2.73860e-01 -7.33345e+03 -7.33372e+03  0.00000e+00
4.582000000e+00 -2.8175746e-01  1.33908e+02  9.92667e+05 -2.81757e-01 -7.33345e+03 -7.33373e+03  0.00000e+00
4.604000000e+00 -3.0029811e-01  1.36512e+02  9.92667e+05 -3.00298e-01 -7.33345e+03 -7.33375e+03  0.00000e+00
4.626000000e+00 -3.1376051e-01  1.37570e+02  9.92667e+05 -3.13761e-01 -7.33345e+03 -7.33376e+03  0.00000e+00
4.648000000e+00 -3.2769013e-01  1.38639e+02  9.92667e+05 -3.27690e-01 -7.33345e+03 -7.33378e+03  0.00000e+00
4.670000000e+00 -3.4470313e-01  1.40358e+02  9.92667e+05 -3.44703e-01 -7.33345e+03 -7.33380e+03  8.67362e-13
4.692000000e+00 -3.5400868e-01  1.40097e+02  9.92667e+05 -3.54009e-01 -7.33345e+03 -7.33381e+03  0.00000e+00
4.714000000e+00 -3.7258027e-01  1.41955e+02  9.92667e+05 -3.72580e-01 -7.33345e+03 -7.33382e+03  0.00000e+00
4.736000000e+00 -3.8835431e-01  1.43036e+02  9.92667e+05 -3.88354e-01 -7.33345e+03 -7.33384e+03  0.00000e+00
4.758000000e+00 -4.0823365e-01  1.44908e+02  9.92667e+05 -4.08234e-01 -7.33345e+03 -7.33386e+03 -8.67362e-13
4.780000000e+00 -4.3007671e-01  1.47044e+02  9.92667e+05 -4.30077e-01 -7.33345e+03 -7.33388e+03  0.00000e+00
4.802000000e+00 -4.4368378e-01  1.47347e+02  9.92667e+05 -4.43684e-01 -7.33345e+03 -7.33389e+03  0.00000e+00
4.824000000e+00 -4.6208684e-01  1.48547e+02  9.92667e+05 -4.62087e-01 -7.33345e+03 -7.33391e+03  0.00000e+00
4.846000000e+00 -4.8567113e-01  1.50641e+02  9.92667e+05 -4.85671e-01 -7.33345e+03 -7.33394e+03  0.00000e+00
4.868000000e+00 -5.0863688e-01  1.52470e+02  9.92667e+05 -5.08637e-01 -7.33345e+03 -7.33396e+03  8.67362e-13
4.890000000e+00 -5.2561334e-01  1.53085e+02  9.92667e+05 -5.25613e-01 -7.33345e+03 -7.33398e+03  8.67362e-13
4.912000000e+00 -5.3825106e-01  1.52871e+02  9.92667e+05 -5.38251e-01 -7.33345e+03 -7.33399e+03  0.00000e+00
4.934000000e+00 -5.7158483e-01  1.56187e+02  9.92667e+05 -5.71585e-01 -7.33345e+03 -7.33402e+03  0.00000e+00
4.956000000e+00 -6.0090588e-01  1.58627e+02  9.92667e+05 -6.00906e-01 -7.33345e+03 -7.33405e+03  0.00000e+00
4.978000000e+00 -6.1485671e-01  1.58424e+02  9.92667e+05 -6.14857e-01 -7.33345e+03 -7.33407e+03  8.67362e-13
5.000000000e+00 -6.4630854e-01  1.60965e+02  9.92667e+05 -6.46309e-01 -7.33345e+03 -7.33410e+03  0.00000e+00
5.022000000e+00 -6.9000958e-01  1.65219e+02  9.92667e+05 -6.90010e-01 -7.33345e+03 -7.33414e+03  8.67362e-13
5.044000000e+00 -6.9446192e-01  1.63383e+02  9.92667e+05 -6.94462e-01 -7.33345e+03 -7.33415e+03  8.67362e-13
5.066000000e+00 -7.2503111e-01  1.65413e+02  9.92667e+05 -7.25031e-01 -7.33345e+03 -7.33418e+03  0.00000e+00
5.088000000e+00 -7.6192703e-01  1.68216e+02  9.92667e+05 -7.61927e-01 -7.33345e+03 -7.33421e+03  0.00000e+00
5.110000000e+00 -7.8399158e-01  1.68809e+02  9.92667e+05 -7.83992e-01 -7.33345e+03 -7.33423e+03  0.00000e+00
5.132000000e+00 -8.1835756e-01  1.71014e+02  9.92667e+05 -8.18358e-01 -7.33345e+03 -7.33427e+03  0.00000e+00
5.154000000e+00 -8.5309998e-01  1.73142e+02  9.92667e+05 -8.53100e-01 -7.33345e+03 -7.33430e+03  0.00000e+00
5.176000000e+00 -8.8173764e-01  1.74366e+02  9.92667e+05 -8.81738e-01 -7.33345e+03 -7.33433e+03  0.00000e+00
5.198000000e+00 -9.0406579e-01  1.74720e+02  9.92667e+05 -9.04066e-01 -7.33345e+03 -7.33436e+03  0.00000e+00
5.220000000e+00 -9.4397950e-01  1.77200e+02  9.92667e+05 -9.43980e-01 -7.33345e+03 -7.33439e+03  0.00000e+00
5.242000000e+00 -9.8483980e-01  1.79664e+02  9.92667e+05 -9.84840e-01 -7.33345e+03 -7.33444e+03  0.00000e+00
5.264000000e+00 -1.0015791e+00  1.79170e+02  9.92667e+05 -1.00158e+00 -7.33345e+03 -7.33445e+03  0.00000e+00
5.286000000e+00 -1.0635051e+00  1.83869e+02  9.92667e+05 -1.06351e+00 -7.33345e+03 -7.33451e+03  0.00000e+00
