# ------------------------------------------------------------------------
# Radiance spectrum
# NASA-GSFC Planetary Spectrum Generator (PSG) (Villanueva et al. 2018, 2022)
# Synthesized on Mon Feb 27 13:36:35 2023
# Doppler velocities [km/s] (vobs,vrot+vorb,vwidth,vrfl,vstr): -21.10000,-0.00000,0.19000,-0.32363,0.00000
# ------------------------------------------------------------------------
# Spectra synthesized with the Planetary and Universal Model of Atmospheric Scattering (PUMAS, Villanueva et al. 2018, 2022)
# Single scattering radiative transfer method
# ------------------------------------------------------------------------
# Spectral unit: Wavelength [um]
# Radiance unit: Contrast [radiance ratio w.r.t. parent star]
# Wave/freq Total Noise Stellar trappist-1e Transit
6.000000000e-01  4.9803977e-03  7.66593e-05  1.00000e+00  4.98040e-03  4.98040e-03
6.220000000e-01  4.9796242e-03  7.04153e-05  1.00000e+00  4.97962e-03  4.97962e-03
6.440000000e-01  4.9789442e-03  5.53701e-05  1.00000e+00  4.97894e-03  4.97894e-03
6.660000000e-01  4.9783463e-03  5.69831e-05  1.00000e+00  4.97835e-03  4.97835e-03
6.880000000e-01  4.9778167e-03  4.99967e-05  1.00000e+00  4.97782e-03  4.97782e-03
7.100000000e-01  4.9774129e-03  4.72864e-05  1.00000e+00  4.97741e-03  4.97741e-03
7.320000000e-01  4.9769493e-03  3.51894e-05  1.00000e+00  4.97695e-03  4.97695e-03
7.540000000e-01  4.9765882e-03  2.83088e-05  1.00000e+00  4.97659e-03  4.97659e-03
7.760000000e-01  4.9764935e-03  3.43020e-05  1.00000e+00  4.97649e-03  4.97649e-03
7.980000000e-01  4.9760316e-03  2.74945e-05  1.00000e+00  4.97603e-03  4.97603e-03
8.200000000e-01  4.9757546e-03  2.53320e-05  1.00000e+00  4.97575e-03  4.97575e-03
8.420000000e-01  4.9755284e-03  2.63021e-05  1.00000e+00  4.97553e-03  4.97553e-03
8.640000000e-01  4.9758395e-03  2.41638e-05  1.00000e+00  4.97584e-03  4.97584e-03
8.860000000e-01  4.9751912e-03  2.37033e-05  1.00000e+00  4.97519e-03  4.97519e-03
9.080000000e-01  4.9750480e-03  2.26108e-05  1.00000e+00  4.97505e-03  4.97505e-03
9.300000000e-01  4.9751213e-03  2.15258e-05  1.00000e+00  4.97512e-03  4.97512e-03
9.520000000e-01  4.9747564e-03  2.08545e-05  1.00000e+00  4.97476e-03  4.97476e-03
9.740000000e-01  4.9746618e-03  2.08388e-05  1.00000e+00  4.97466e-03  4.97466e-03
9.960000000e-01  4.9745484e-03  2.03839e-05  1.00000e+00  4.97455e-03  4.97455e-03
1.018000000e+00  4.9744549e-03  1.97535e-05  1.00000e+00  4.97445e-03  4.97445e-03
1.040000000e+00  4.9755136e-03  1.92536e-05  1.00000e+00  4.97551e-03  4.97551e-03
1.062000000e+00  4.9757608e-03  1.88601e-05  1.00000e+00  4.97576e-03  4.97576e-03
1.084000000e+00  4.9743960e-03  1.87041e-05  1.00000e+00  4.97440e-03  4.97440e-03
1.106000000e+00  4.9745632e-03  1.90866e-05  1.00000e+00  4.97456e-03  4.97456e-03
1.128000000e+00  4.9748304e-03  1.91818e-05  1.00000e+00  4.97483e-03  4.97483e-03
1.150000000e+00  4.9743497e-03  1.90970e-05  1.00000e+00  4.97435e-03  4.97435e-03
1.172000000e+00  4.9740502e-03  1.89672e-05  1.00000e+00  4.97405e-03  4.97405e-03
1.194000000e+00  4.9760020e-03  1.87838e-05  1.00000e+00  4.97600e-03  4.97600e-03
1.216000000e+00  4.9842998e-03  1.83544e-05  1.00000e+00  4.98430e-03  4.98430e-03
1.238000000e+00  4.9768020e-03  1.81542e-05  1.00000e+00  4.97680e-03  4.97680e-03
1.260000000e+00  4.9756697e-03  1.79833e-05  1.00000e+00  4.97567e-03  4.97567e-03
1.282000000e+00  4.9762404e-03  1.78290e-05  1.00000e+00  4.97624e-03  4.97624e-03
1.304000000e+00  4.9765699e-03  1.77668e-05  1.00000e+00  4.97657e-03  4.97657e-03
1.326000000e+00  4.9764744e-03  1.86895e-05  1.00000e+00  4.97647e-03  4.97647e-03
1.348000000e+00  4.9761428e-03  2.15756e-05  1.00000e+00  4.97614e-03  4.97614e-03
1.370000000e+00  4.9750486e-03  2.14468e-05  1.00000e+00  4.97505e-03  4.97505e-03
1.392000000e+00  4.9740452e-03  2.19093e-05  1.00000e+00  4.97405e-03  4.97405e-03
1.414000000e+00  4.9737815e-03  2.26404e-05  1.00000e+00  4.97378e-03  4.97378e-03
1.436000000e+00  5.0007979e-03  2.27660e-05  1.00000e+00  5.00080e-03  5.00080e-03
1.458000000e+00  4.9775175e-03  2.26810e-05  1.00000e+00  4.97752e-03  4.97752e-03
1.480000000e+00  4.9809124e-03  2.27006e-05  1.00000e+00  4.98091e-03  4.98091e-03
1.502000000e+00  4.9765186e-03  2.23013e-05  1.00000e+00  4.97652e-03  4.97652e-03
1.524000000e+00  4.9832085e-03  2.19432e-05  1.00000e+00  4.98321e-03  4.98321e-03
1.546000000e+00  4.9799072e-03  2.17018e-05  1.00000e+00  4.97991e-03  4.97991e-03
1.568000000e+00  4.9942670e-03  2.13100e-05  1.00000e+00  4.99427e-03  4.99427e-03
1.590000000e+00  4.9858546e-03  2.08439e-05  1.00000e+00  4.98585e-03  4.98585e-03
1.612000000e+00  4.9935616e-03  2.05481e-05  1.00000e+00  4.99356e-03  4.99356e-03
1.634000000e+00  4.9872941e-03  2.00809e-05  1.00000e+00  4.98729e-03  4.98729e-03
1.656000000e+00  4.9832868e-03  1.96366e-05  1.00000e+00  4.98329e-03  4.98329e-03
1.678000000e+00  4.9779611e-03  1.94070e-05  1.00000e+00  4.97796e-03  4.97796e-03
1.700000000e+00  4.9759291e-03  1.98317e-05  1.00000e+00  4.97593e-03  4.97593e-03
1.722000000e+00  4.9742286e-03  2.08654e-05  1.00000e+00  4.97423e-03  4.97423e-03
1.744000000e+00  4.9736686e-03  2.18562e-05  1.00000e+00  4.97367e-03  4.97367e-03
1.766000000e+00  4.9741008e-03  2.30116e-05  1.00000e+00  4.97410e-03  4.97410e-03
1.788000000e+00  4.9742553e-03  2.39036e-05  1.00000e+00  4.97426e-03  4.97426e-03
1.810000000e+00  4.9736358e-03  2.46261e-05  1.00000e+00  4.97364e-03  4.97364e-03
1.832000000e+00  4.9735498e-03  2.46812e-05  1.00000e+00  4.97355e-03  4.97355e-03
1.854000000e+00  4.9737698e-03  2.58323e-05  1.00000e+00  4.97377e-03  4.97377e-03
1.876000000e+00  4.9886065e-03  2.56064e-05  1.00000e+00  4.98861e-03  4.98861e-03
1.898000000e+00  4.9818647e-03  2.51806e-05  1.00000e+00  4.98186e-03  4.98186e-03
1.920000000e+00  4.9763159e-03  2.51753e-05  1.00000e+00  4.97632e-03  4.97632e-03
1.942000000e+00  5.0027188e-03  2.52401e-05  1.00000e+00  5.00272e-03  5.00272e-03
1.964000000e+00  5.0144586e-03  2.52207e-05  1.00000e+00  5.01446e-03  5.01446e-03
1.986000000e+00  4.9989486e-03  2.58448e-05  1.00000e+00  4.99895e-03  4.99895e-03
2.008000000e+00  5.0236021e-03  2.61064e-05  1.00000e+00  5.02360e-03  5.02360e-03
2.030000000e+00  5.0107176e-03  2.61142e-05  1.00000e+00  5.01072e-03  5.01072e-03
2.052000000e+00  5.0137485e-03  2.60000e-05  1.00000e+00  5.01375e-03  5.01375e-03
2.074000000e+00  5.0105112e-03  2.59317e-05  1.00000e+00  5.01051e-03  5.01051e-03
2.096000000e+00  5.0000327e-03  2.57102e-05  1.00000e+00  5.00003e-03  5.00003e-03
2.118000000e+00  4.9877305e-03  2.54365e-05  1.00000e+00  4.98773e-03  4.98773e-03
2.140000000e+00  4.9847528e-03  2.51605e-05  1.00000e+00  4.98475e-03  4.98475e-03
2.162000000e+00  4.9868796e-03  2.48115e-05  1.00000e+00  4.98688e-03  4.98688e-03
2.184000000e+00  4.9777537e-03  2.45779e-05  1.00000e+00  4.97775e-03  4.97775e-03
2.206000000e+00  4.9758410e-03  2.43486e-05  1.00000e+00  4.97584e-03  4.97584e-03
2.228000000e+00  4.9747459e-03  2.40474e-05  1.00000e+00  4.97475e-03  4.97475e-03
2.250000000e+00  4.9745064e-03  2.38138e-05  1.00000e+00  4.97451e-03  4.97451e-03
2.272000000e+00  4.9742401e-03  2.37966e-05  1.00000e+00  4.97424e-03  4.97424e-03
2.294000000e+00  4.9737773e-03  2.40837e-05  1.00000e+00  4.97378e-03  4.97378e-03
2.316000000e+00  4.9735037e-03  2.46706e-05  1.00000e+00  4.97350e-03  4.97350e-03
2.338000000e+00  4.9734745e-03  2.52648e-05  1.00000e+00  4.97347e-03  4.97347e-03
2.360000000e+00  4.9735402e-03  2.59896e-05  1.00000e+00  4.97354e-03  4.97354e-03
2.382000000e+00  4.9740266e-03  2.65319e-05  1.00000e+00  4.97403e-03  4.97403e-03
2.404000000e+00  4.9741477e-03  2.77535e-05  1.00000e+00  4.97415e-03  4.97415e-03
2.426000000e+00  4.9734824e-03  2.89847e-05  1.00000e+00  4.97348e-03  4.97348e-03
2.448000000e+00  4.9734993e-03  2.99237e-05  1.00000e+00  4.97350e-03  4.97350e-03
2.470000000e+00  4.9742701e-03  3.12285e-05  1.00000e+00  4.97427e-03  4.97427e-03
2.492000000e+00  4.9803533e-03  3.18362e-05  1.00000e+00  4.98035e-03  4.98035e-03
2.514000000e+00  4.9782358e-03  3.28077e-05  1.00000e+00  4.97824e-03  4.97824e-03
2.536000000e+00  4.9748769e-03  3.32327e-05  1.00000e+00  4.97488e-03  4.97488e-03
2.558000000e+00  4.9749954e-03  3.35909e-05  1.00000e+00  4.97500e-03  4.97500e-03
2.580000000e+00  4.9795379e-03  3.35323e-05  1.00000e+00  4.97954e-03  4.97954e-03
2.602000000e+00  4.9823971e-03  3.33356e-05  1.00000e+00  4.98240e-03  4.98240e-03
2.624000000e+00  4.9814706e-03  3.33584e-05  1.00000e+00  4.98147e-03  4.98147e-03
2.646000000e+00  4.9817973e-03  3.30519e-05  1.00000e+00  4.98180e-03  4.98180e-03
2.668000000e+00  5.0302712e-03  3.31779e-05  1.00000e+00  5.03027e-03  5.03027e-03
2.690000000e+00  5.0449170e-03  3.39379e-05  1.00000e+00  5.04492e-03  5.04492e-03
2.712000000e+00  5.0380800e-03  3.48253e-05  1.00000e+00  5.03808e-03  5.03808e-03
2.734000000e+00  5.0298965e-03  3.54202e-05  1.00000e+00  5.02990e-03  5.02990e-03
2.756000000e+00  5.0400650e-03  3.55698e-05  1.00000e+00  5.04006e-03  5.04006e-03
2.778000000e+00  5.0423260e-03  3.61475e-05  1.00000e+00  5.04233e-03  5.04233e-03
2.800000000e+00  5.0359030e-03  3.62448e-05  1.00000e+00  5.03590e-03  5.03590e-03
2.822000000e+00  5.0285949e-03  3.66284e-05  1.00000e+00  5.02859e-03  5.02859e-03
2.844000000e+00  5.0212211e-03  3.72521e-05  1.00000e+00  5.02122e-03  5.02122e-03
2.866000000e+00  5.0111931e-03  3.69889e-05  1.00000e+00  5.01119e-03  5.01119e-03
2.888000000e+00  4.9988711e-03  3.70807e-05  1.00000e+00  4.99887e-03  4.99887e-03
2.910000000e+00  4.9850233e-03  3.77662e-05  1.00000e+00  4.98502e-03  4.98502e-03
2.932000000e+00  4.9781494e-03  3.79152e-05  1.00000e+00  4.97815e-03  4.97815e-03
2.954000000e+00  4.9820432e-03  3.82535e-05  1.00000e+00  4.98204e-03  4.98204e-03
2.976000000e+00  4.9934242e-03  3.83530e-05  1.00000e+00  4.99342e-03  4.99342e-03
2.998000000e+00  4.9854703e-03  3.87342e-05  1.00000e+00  4.98547e-03  4.98547e-03
3.020000000e+00  4.9878197e-03  3.87199e-05  1.00000e+00  4.98782e-03  4.98782e-03
3.042000000e+00  4.9813203e-03  3.88952e-05  1.00000e+00  4.98132e-03  4.98132e-03
3.064000000e+00  4.9776740e-03  3.88733e-05  1.00000e+00  4.97767e-03  4.97767e-03
3.086000000e+00  4.9748457e-03  3.89571e-05  1.00000e+00  4.97485e-03  4.97485e-03
3.108000000e+00  4.9779585e-03  3.90047e-05  1.00000e+00  4.97796e-03  4.97796e-03
3.130000000e+00  4.9809471e-03  3.90380e-05  1.00000e+00  4.98095e-03  4.98095e-03
3.152000000e+00  4.9802214e-03  3.91830e-05  1.00000e+00  4.98022e-03  4.98022e-03
3.174000000e+00  4.9803941e-03  3.92046e-05  1.00000e+00  4.98039e-03  4.98039e-03
3.196000000e+00  4.9759486e-03  3.93874e-05  1.00000e+00  4.97595e-03  4.97595e-03
3.218000000e+00  4.9757100e-03  3.92498e-05  1.00000e+00  4.97571e-03  4.97571e-03
3.240000000e+00  4.9739048e-03  3.92308e-05  1.00000e+00  4.97390e-03  4.97390e-03
3.262000000e+00  4.9735675e-03  3.89841e-05  1.00000e+00  4.97357e-03  4.97357e-03
3.284000000e+00  4.9734852e-03  3.93328e-05  1.00000e+00  4.97349e-03  4.97349e-03
3.306000000e+00  4.9736324e-03  3.92007e-05  1.00000e+00  4.97363e-03  4.97363e-03
3.328000000e+00  4.9749237e-03  3.91581e-05  1.00000e+00  4.97492e-03  4.97492e-03
3.350000000e+00  4.9772458e-03  3.93619e-05  1.00000e+00  4.97725e-03  4.97725e-03
3.372000000e+00  4.9747287e-03  3.92893e-05  1.00000e+00  4.97473e-03  4.97473e-03
3.394000000e+00  4.9736908e-03  3.93776e-05  1.00000e+00  4.97369e-03  4.97369e-03
3.416000000e+00  4.9734847e-03  3.93384e-05  1.00000e+00  4.97348e-03  4.97348e-03
3.438000000e+00  4.9736157e-03  3.95497e-05  1.00000e+00  4.97362e-03  4.97362e-03
3.460000000e+00  4.9735624e-03  3.94596e-05  1.00000e+00  4.97356e-03  4.97356e-03
3.482000000e+00  4.9734604e-03  3.96008e-05  1.00000e+00  4.97346e-03  4.97346e-03
3.504000000e+00  4.9734874e-03  3.94800e-05  1.00000e+00  4.97349e-03  4.97349e-03
3.526000000e+00  4.9738938e-03  3.98195e-05  1.00000e+00  4.97389e-03  4.97389e-03
3.548000000e+00  4.9754250e-03  3.98397e-05  1.00000e+00  4.97542e-03  4.97543e-03
3.570000000e+00  4.9782990e-03  3.98809e-05  1.00000e+00  4.97830e-03  4.97830e-03
3.592000000e+00  4.9807031e-03  4.00351e-05  1.00000e+00  4.98070e-03  4.98070e-03
3.614000000e+00  4.9825135e-03  3.98978e-05  1.00000e+00  4.98251e-03  4.98251e-03
3.636000000e+00  4.9811469e-03  3.99942e-05  1.00000e+00  4.98115e-03  4.98115e-03
3.658000000e+00  4.9779793e-03  4.03153e-05  1.00000e+00  4.97798e-03  4.97798e-03
3.680000000e+00  4.9757034e-03  4.03035e-05  1.00000e+00  4.97570e-03  4.97570e-03
3.702000000e+00  4.9762605e-03  4.03415e-05  1.00000e+00  4.97626e-03  4.97626e-03
3.724000000e+00  4.9784277e-03  4.04148e-05  1.00000e+00  4.97843e-03  4.97843e-03
3.746000000e+00  4.9808449e-03  4.04325e-05  1.00000e+00  4.98084e-03  4.98085e-03
3.768000000e+00  4.9827809e-03  4.05197e-05  1.00000e+00  4.98278e-03  4.98278e-03
3.790000000e+00  4.9881833e-03  4.03996e-05  1.00000e+00  4.98818e-03  4.98818e-03
3.812000000e+00  4.9906085e-03  4.06872e-05  1.00000e+00  4.99061e-03  4.99061e-03
3.834000000e+00  4.9898708e-03  4.09394e-05  1.00000e+00  4.98987e-03  4.98987e-03
3.856000000e+00  4.9869194e-03  4.09308e-05  1.00000e+00  4.98692e-03  4.98692e-03
3.878000000e+00  4.9793456e-03  4.10256e-05  1.00000e+00  4.97935e-03  4.97935e-03
3.900000000e+00  4.9766195e-03  4.15213e-05  1.00000e+00  4.97662e-03  4.97662e-03
3.922000000e+00  4.9777678e-03  4.16395e-05  1.00000e+00  4.97777e-03  4.97777e-03
3.944000000e+00  4.9805361e-03  4.19708e-05  1.00000e+00  4.98054e-03  4.98054e-03
3.966000000e+00  4.9858654e-03  4.23544e-05  1.00000e+00  4.98587e-03  4.98587e-03
3.988000000e+00  4.9868913e-03  4.33001e-05  1.00000e+00  4.98689e-03  4.98689e-03
4.010000000e+00  4.9870893e-03  4.34069e-05  1.00000e+00  4.98709e-03  4.98709e-03
4.032000000e+00  4.9860341e-03  4.40021e-05  1.00000e+00  4.98603e-03  4.98604e-03
4.054000000e+00  4.9804588e-03  4.47503e-05  1.00000e+00  4.98046e-03  4.98046e-03
4.076000000e+00  4.9833055e-03  4.56314e-05  1.00000e+00  4.98331e-03  4.98331e-03
4.098000000e+00  4.9844942e-03  4.58620e-05  1.00000e+00  4.98449e-03  4.98450e-03
4.120000000e+00  4.9815217e-03  4.64221e-05  1.00000e+00  4.98152e-03  4.98153e-03
4.142000000e+00  4.9833197e-03  4.65988e-05  1.00000e+00  4.98332e-03  4.98332e-03
4.164000000e+00  5.0057965e-03  4.75799e-05  1.00000e+00  5.00580e-03  5.00580e-03
4.186000000e+00  5.0259060e-03  4.75274e-05  1.00000e+00  5.02591e-03  5.02591e-03
4.208000000e+00  5.0494943e-03  4.82511e-05  1.00000e+00  5.04949e-03  5.04950e-03
4.230000000e+00  5.0641430e-03  4.81664e-05  1.00000e+00  5.06414e-03  5.06415e-03
4.252000000e+00  5.0650634e-03  4.94316e-05  1.00000e+00  5.06506e-03  5.06507e-03
4.274000000e+00  5.0701230e-03  4.94701e-05  1.00000e+00  5.07012e-03  5.07013e-03
4.296000000e+00  5.0675665e-03  5.00643e-05  1.00000e+00  5.06757e-03  5.06757e-03
4.318000000e+00  5.0620960e-03  5.03822e-05  1.00000e+00  5.06210e-03  5.06210e-03
4.340000000e+00  5.0576284e-03  5.10239e-05  1.00000e+00  5.05763e-03  5.05764e-03
4.362000000e+00  5.0532178e-03  5.15324e-05  1.00000e+00  5.05322e-03  5.05323e-03
4.384000000e+00  5.0481301e-03  5.21300e-05  1.00000e+00  5.04813e-03  5.04814e-03
4.406000000e+00  5.0456474e-03  5.27343e-05  1.00000e+00  5.04565e-03  5.04566e-03
4.428000000e+00  5.0395904e-03  5.38452e-05  1.00000e+00  5.03959e-03  5.03960e-03
4.450000000e+00  5.0321339e-03  5.36371e-05  1.00000e+00  5.03213e-03  5.03215e-03
4.472000000e+00  5.0244484e-03  5.44131e-05  1.00000e+00  5.02445e-03  5.02446e-03
4.494000000e+00  5.0136475e-03  5.47899e-05  1.00000e+00  5.01365e-03  5.01366e-03
4.516000000e+00  5.0034008e-03  5.50860e-05  1.00000e+00  5.00340e-03  5.00342e-03
4.538000000e+00  4.9915990e-03  5.56256e-05  1.00000e+00  4.99160e-03  4.99161e-03
4.560000000e+00  4.9849129e-03  5.64411e-05  1.00000e+00  4.98491e-03  4.98493e-03
4.582000000e+00  4.9805362e-03  5.63288e-05  1.00000e+00  4.98054e-03  4.98055e-03
4.604000000e+00  4.9809882e-03  5.74254e-05  1.00000e+00  4.98099e-03  4.98101e-03
4.626000000e+00  4.9849860e-03  5.78709e-05  1.00000e+00  4.98499e-03  4.98501e-03
4.648000000e+00  4.9848735e-03  5.83210e-05  1.00000e+00  4.98487e-03  4.98489e-03
4.670000000e+00  4.9874183e-03  5.90450e-05  1.00000e+00  4.98742e-03  4.98744e-03
4.692000000e+00  4.9951511e-03  5.89353e-05  1.00000e+00  4.99515e-03  4.99517e-03
4.714000000e+00  4.9979157e-03  5.97173e-05  1.00000e+00  4.99792e-03  4.99794e-03
4.736000000e+00  5.0015679e-03  6.01729e-05  1.00000e+00  5.00157e-03  5.00159e-03
4.758000000e+00  5.0018892e-03  6.09609e-05  1.00000e+00  5.00189e-03  5.00192e-03
4.780000000e+00  5.0062002e-03  6.18605e-05  1.00000e+00  5.00620e-03  5.00623e-03
4.802000000e+00  5.0120023e-03  6.19880e-05  1.00000e+00  5.01200e-03  5.01203e-03
4.824000000e+00  5.0139621e-03  6.24935e-05  1.00000e+00  5.01396e-03  5.01399e-03
4.846000000e+00  5.0140950e-03  6.33754e-05  1.00000e+00  5.01409e-03  5.01413e-03
4.868000000e+00  5.0126218e-03  6.41459e-05  1.00000e+00  5.01262e-03  5.01266e-03
4.890000000e+00  5.0069703e-03  6.44052e-05  1.00000e+00  5.00697e-03  5.00701e-03
4.912000000e+00  5.0041426e-03  6.43153e-05  1.00000e+00  5.00414e-03  5.00418e-03
4.934000000e+00  4.9970095e-03  6.57124e-05  1.00000e+00  4.99701e-03  4.99705e-03
4.956000000e+00  4.9928622e-03  6.67399e-05  1.00000e+00  4.99286e-03  4.99291e-03
4.978000000e+00  4.9896101e-03  6.66549e-05  1.00000e+00  4.98961e-03  4.98966e-03
5.000000000e+00  4.9858173e-03  6.77252e-05  1.00000e+00  4.98582e-03  4.98587e-03
5.022000000e+00  4.9824501e-03  6.95172e-05  1.00000e+00  4.98245e-03  4.98250e-03
5.044000000e+00  4.9822002e-03  6.87440e-05  1.00000e+00  4.98220e-03  4.98226e-03
5.066000000e+00  4.9827764e-03  6.95991e-05  1.00000e+00  4.98278e-03  4.98283e-03
5.088000000e+00  4.9867350e-03  7.07801e-05  1.00000e+00  4.98674e-03  4.98680e-03
5.110000000e+00  4.9890844e-03  7.10301e-05  1.00000e+00  4.98908e-03  4.98915e-03
5.132000000e+00  4.9852963e-03  7.19587e-05  1.00000e+00  4.98530e-03  4.98536e-03
5.154000000e+00  4.9914086e-03  7.28552e-05  1.00000e+00  4.99141e-03  4.99148e-03
5.176000000e+00  5.0047219e-03  7.33705e-05  1.00000e+00  5.00472e-03  5.00480e-03
5.198000000e+00  5.0011875e-03  7.35201e-05  1.00000e+00  5.00119e-03  5.00126e-03
5.220000000e+00  5.0045446e-03  7.45651e-05  1.00000e+00  5.00454e-03  5.00463e-03
5.242000000e+00  5.0024962e-03  7.56032e-05  1.00000e+00  5.00250e-03  5.00258e-03
5.264000000e+00  5.0003327e-03  7.53955e-05  1.00000e+00  5.00033e-03  5.00042e-03
5.286000000e+00  4.9934145e-03  7.73750e-05  1.00000e+00  4.99341e-03  4.99351e-03
