# ------------------------------------------------------------------------
# Radiance spectrum
# NASA-GSFC Planetary Spectrum Generator (PSG) (Villanueva et al. 2018, 2022)
# Synthesized on Mon Apr 24 09:19:09 2023
# Doppler velocities [km/s] (vobs,vrot+vorb,vwidth,vrfl,vstr): -21.10000,-0.00000,0.15000,1.22682,0.00000
# ------------------------------------------------------------------------
# Spectra synthesized with the Planetary and Universal Model of Atmospheric Scattering (PUMAS, Villanueva et al. 2018, 2022)
# Single scattering radiative transfer method
# ------------------------------------------------------------------------
# Spectral unit: Wavelength [um]
# Radiance unit: Contrast [radiance ratio w.r.t. parent star]
# Wave/freq Total Noise Stellar trappist-1c Transit
6.000000000e-01  7.4178404e-03  6.93861e-05  1.00000e+00  7.41784e-03  7.41784e-03
6.220000000e-01  7.4165042e-03  6.33315e-05  1.00000e+00  7.41650e-03  7.41650e-03
6.440000000e-01  7.4152312e-03  4.93723e-05  1.00000e+00  7.41523e-03  7.41523e-03
6.660000000e-01  7.4140219e-03  5.06573e-05  1.00000e+00  7.41402e-03  7.41402e-03
6.880000000e-01  7.4128692e-03  4.42140e-05  1.00000e+00  7.41287e-03  7.41287e-03
7.100000000e-01  7.4119165e-03  4.16616e-05  1.00000e+00  7.41192e-03  7.41192e-03
7.320000000e-01  7.4107850e-03  3.08296e-05  1.00000e+00  7.41078e-03  7.41078e-03
7.540000000e-01  7.4098341e-03  2.47054e-05  1.00000e+00  7.40983e-03  7.40983e-03
7.760000000e-01  7.4094376e-03  2.98977e-05  1.00000e+00  7.40944e-03  7.40944e-03
7.980000000e-01  7.4082396e-03  2.38811e-05  1.00000e+00  7.40824e-03  7.40824e-03
8.200000000e-01  7.4074176e-03  2.19490e-05  1.00000e+00  7.40742e-03  7.40742e-03
8.420000000e-01  7.4067040e-03  2.27473e-05  1.00000e+00  7.40670e-03  7.40670e-03
8.640000000e-01  7.4072963e-03  2.08522e-05  1.00000e+00  7.40730e-03  7.40730e-03
8.860000000e-01  7.4055742e-03  2.04170e-05  1.00000e+00  7.40557e-03  7.40557e-03
9.080000000e-01  7.4050778e-03  1.94402e-05  1.00000e+00  7.40508e-03  7.40508e-03
9.300000000e-01  7.4051908e-03  1.84752e-05  1.00000e+00  7.40519e-03  7.40519e-03
9.520000000e-01  7.4040397e-03  1.78702e-05  1.00000e+00  7.40404e-03  7.40404e-03
9.740000000e-01  7.4036837e-03  1.78306e-05  1.00000e+00  7.40368e-03  7.40368e-03
9.960000000e-01  7.4032585e-03  1.74163e-05  1.00000e+00  7.40326e-03  7.40326e-03
1.018000000e+00  7.4028976e-03  1.68541e-05  1.00000e+00  7.40290e-03  7.40290e-03
1.040000000e+00  7.4058929e-03  1.64059e-05  1.00000e+00  7.40589e-03  7.40589e-03
1.062000000e+00  7.4068811e-03  1.60505e-05  1.00000e+00  7.40688e-03  7.40688e-03
1.084000000e+00  7.4026233e-03  1.58991e-05  1.00000e+00  7.40262e-03  7.40262e-03
1.106000000e+00  7.4030641e-03  1.62067e-05  1.00000e+00  7.40306e-03  7.40306e-03
1.128000000e+00  7.4039387e-03  1.62701e-05  1.00000e+00  7.40394e-03  7.40394e-03
1.150000000e+00  7.4023273e-03  1.61815e-05  1.00000e+00  7.40233e-03  7.40233e-03
1.172000000e+00  7.4012567e-03  1.60555e-05  1.00000e+00  7.40126e-03  7.40126e-03
1.194000000e+00  7.4049230e-03  1.58850e-05  1.00000e+00  7.40492e-03  7.40492e-03
1.216000000e+00  7.4222872e-03  1.55071e-05  1.00000e+00  7.42229e-03  7.42229e-03
1.238000000e+00  7.4089957e-03  1.53243e-05  1.00000e+00  7.40900e-03  7.40900e-03
1.260000000e+00  7.4064295e-03  1.51670e-05  1.00000e+00  7.40643e-03  7.40643e-03
1.282000000e+00  7.4071164e-03  1.50246e-05  1.00000e+00  7.40712e-03  7.40712e-03
1.304000000e+00  7.4076004e-03  1.49604e-05  1.00000e+00  7.40760e-03  7.40760e-03
1.326000000e+00  7.4080024e-03  1.57265e-05  1.00000e+00  7.40800e-03  7.40800e-03
1.348000000e+00  7.4077944e-03  1.81457e-05  1.00000e+00  7.40779e-03  7.40779e-03
1.370000000e+00  7.4046296e-03  1.80245e-05  1.00000e+00  7.40463e-03  7.40463e-03
1.392000000e+00  7.4012449e-03  1.84013e-05  1.00000e+00  7.40124e-03  7.40124e-03
1.414000000e+00  7.4001202e-03  1.90038e-05  1.00000e+00  7.40012e-03  7.40012e-03
1.436000000e+00  7.4386015e-03  1.90972e-05  1.00000e+00  7.43860e-03  7.43860e-03
1.458000000e+00  7.4101860e-03  1.90140e-05  1.00000e+00  7.41019e-03  7.41019e-03
1.480000000e+00  7.4177011e-03  1.90191e-05  1.00000e+00  7.41770e-03  7.41770e-03
1.502000000e+00  7.4077492e-03  1.86732e-05  1.00000e+00  7.40775e-03  7.40775e-03
1.524000000e+00  7.4189742e-03  1.83625e-05  1.00000e+00  7.41897e-03  7.41897e-03
1.546000000e+00  7.4149777e-03  1.81503e-05  1.00000e+00  7.41498e-03  7.41498e-03
1.568000000e+00  7.4313732e-03  1.78128e-05  1.00000e+00  7.43137e-03  7.43137e-03
1.590000000e+00  7.4234790e-03  1.74138e-05  1.00000e+00  7.42348e-03  7.42348e-03
1.612000000e+00  7.4315685e-03  1.71578e-05  1.00000e+00  7.43157e-03  7.43157e-03
1.634000000e+00  7.4259640e-03  1.67592e-05  1.00000e+00  7.42596e-03  7.42596e-03
1.656000000e+00  7.4212286e-03  1.63803e-05  1.00000e+00  7.42123e-03  7.42123e-03
1.678000000e+00  7.4122870e-03  1.61813e-05  1.00000e+00  7.41229e-03  7.41229e-03
1.700000000e+00  7.4072996e-03  1.65286e-05  1.00000e+00  7.40730e-03  7.40730e-03
1.722000000e+00  7.4019822e-03  1.73839e-05  1.00000e+00  7.40198e-03  7.40198e-03
1.744000000e+00  7.3996087e-03  1.82031e-05  1.00000e+00  7.39961e-03  7.39961e-03
1.766000000e+00  7.4021818e-03  1.91591e-05  1.00000e+00  7.40218e-03  7.40218e-03
1.788000000e+00  7.4026704e-03  1.98951e-05  1.00000e+00  7.40267e-03  7.40267e-03
1.810000000e+00  7.3999884e-03  2.04896e-05  1.00000e+00  7.39999e-03  7.39999e-03
1.832000000e+00  7.3991102e-03  2.05279e-05  1.00000e+00  7.39911e-03  7.39911e-03
1.854000000e+00  7.4001382e-03  2.14792e-05  1.00000e+00  7.40014e-03  7.40014e-03
1.876000000e+00  7.4264021e-03  2.12834e-05  1.00000e+00  7.42640e-03  7.42640e-03
1.898000000e+00  7.4188761e-03  2.09216e-05  1.00000e+00  7.41888e-03  7.41888e-03
1.920000000e+00  7.4097021e-03  2.09102e-05  1.00000e+00  7.40970e-03  7.40970e-03
1.942000000e+00  7.4380712e-03  2.09573e-05  1.00000e+00  7.43807e-03  7.43807e-03
1.964000000e+00  7.4513730e-03  2.09344e-05  1.00000e+00  7.45137e-03  7.45137e-03
1.986000000e+00  7.4361579e-03  2.14467e-05  1.00000e+00  7.43616e-03  7.43616e-03
2.008000000e+00  7.4587160e-03  2.16576e-05  1.00000e+00  7.45872e-03  7.45872e-03
2.030000000e+00  7.4457760e-03  2.16576e-05  1.00000e+00  7.44578e-03  7.44578e-03
2.052000000e+00  7.4508640e-03  2.15565e-05  1.00000e+00  7.45086e-03  7.45086e-03
2.074000000e+00  7.4464540e-03  2.14937e-05  1.00000e+00  7.44645e-03  7.44645e-03
2.096000000e+00  7.4365482e-03  2.13039e-05  1.00000e+00  7.43655e-03  7.43655e-03
2.118000000e+00  7.4255334e-03  2.10711e-05  1.00000e+00  7.42553e-03  7.42553e-03
2.140000000e+00  7.4226666e-03  2.08366e-05  1.00000e+00  7.42267e-03  7.42267e-03
2.162000000e+00  7.4255822e-03  2.05419e-05  1.00000e+00  7.42558e-03  7.42558e-03
2.184000000e+00  7.4121390e-03  2.03431e-05  1.00000e+00  7.41214e-03  7.41215e-03
2.206000000e+00  7.4074250e-03  2.01482e-05  1.00000e+00  7.40742e-03  7.40745e-03
2.228000000e+00  7.4037746e-03  1.98938e-05  1.00000e+00  7.40377e-03  7.40380e-03
2.250000000e+00  7.4029072e-03  1.96957e-05  1.00000e+00  7.40291e-03  7.40293e-03
2.272000000e+00  7.4019033e-03  1.96770e-05  1.00000e+00  7.40190e-03  7.40193e-03
2.294000000e+00  7.4001504e-03  1.99103e-05  1.00000e+00  7.40015e-03  7.40017e-03
2.316000000e+00  7.3988832e-03  2.03917e-05  1.00000e+00  7.39888e-03  7.39891e-03
2.338000000e+00  7.3987088e-03  2.08791e-05  1.00000e+00  7.39871e-03  7.39873e-03
2.360000000e+00  7.3990848e-03  2.14745e-05  1.00000e+00  7.39908e-03  7.39910e-03
2.382000000e+00  7.4010325e-03  2.19188e-05  1.00000e+00  7.40103e-03  7.40106e-03
2.404000000e+00  7.4013643e-03  2.29251e-05  1.00000e+00  7.40136e-03  7.40139e-03
2.426000000e+00  7.3987556e-03  2.39392e-05  1.00000e+00  7.39876e-03  7.39876e-03
2.448000000e+00  7.3988192e-03  2.47114e-05  1.00000e+00  7.39882e-03  7.39883e-03
2.470000000e+00  7.4025961e-03  2.57862e-05  1.00000e+00  7.40260e-03  7.40271e-03
2.492000000e+00  7.4170276e-03  2.62840e-05  1.00000e+00  7.41703e-03  7.41705e-03
2.514000000e+00  7.4137344e-03  2.70829e-05  1.00000e+00  7.41373e-03  7.41376e-03
2.536000000e+00  7.4055457e-03  2.74297e-05  1.00000e+00  7.40555e-03  7.40560e-03
2.558000000e+00  7.4053816e-03  2.77211e-05  1.00000e+00  7.40538e-03  7.40545e-03
2.580000000e+00  7.4158702e-03  2.76677e-05  1.00000e+00  7.41587e-03  7.41588e-03
2.602000000e+00  7.4201320e-03  2.75004e-05  1.00000e+00  7.42013e-03  7.42014e-03
2.624000000e+00  7.4195569e-03  2.75146e-05  1.00000e+00  7.41956e-03  7.41956e-03
2.646000000e+00  7.4194600e-03  2.72567e-05  1.00000e+00  7.41946e-03  7.41946e-03
2.668000000e+00  7.4600070e-03  2.73566e-05  1.00000e+00  7.46001e-03  7.46001e-03
2.690000000e+00  7.4749560e-03  2.79803e-05  1.00000e+00  7.47496e-03  7.47496e-03
2.712000000e+00  7.4677260e-03  2.87092e-05  1.00000e+00  7.46773e-03  7.46773e-03
2.734000000e+00  7.4607390e-03  2.91963e-05  1.00000e+00  7.46074e-03  7.46074e-03
2.756000000e+00  7.4722070e-03  2.93155e-05  1.00000e+00  7.47221e-03  7.47221e-03
2.778000000e+00  7.4730000e-03  2.97884e-05  1.00000e+00  7.47300e-03  7.47300e-03
2.800000000e+00  7.4645430e-03  2.98645e-05  1.00000e+00  7.46454e-03  7.46454e-03
2.822000000e+00  7.4583940e-03  3.01770e-05  1.00000e+00  7.45839e-03  7.45839e-03
2.844000000e+00  7.4539760e-03  3.06879e-05  1.00000e+00  7.45398e-03  7.45398e-03
2.866000000e+00  7.4454918e-03  3.04663e-05  1.00000e+00  7.44549e-03  7.44549e-03
2.888000000e+00  7.4348402e-03  3.05379e-05  1.00000e+00  7.43484e-03  7.43484e-03
2.910000000e+00  7.4223625e-03  3.10998e-05  1.00000e+00  7.42236e-03  7.42237e-03
2.932000000e+00  7.4139508e-03  3.12188e-05  1.00000e+00  7.41395e-03  7.41400e-03
2.954000000e+00  7.4191078e-03  3.14943e-05  1.00000e+00  7.41911e-03  7.41913e-03
2.976000000e+00  7.4323187e-03  3.15730e-05  1.00000e+00  7.43232e-03  7.43232e-03
2.998000000e+00  7.4237485e-03  3.18844e-05  1.00000e+00  7.42375e-03  7.42379e-03
3.020000000e+00  7.4262006e-03  3.18693e-05  1.00000e+00  7.42620e-03  7.42621e-03
3.042000000e+00  7.4183490e-03  3.20108e-05  1.00000e+00  7.41835e-03  7.41844e-03
3.064000000e+00  7.4119911e-03  3.19896e-05  1.00000e+00  7.41199e-03  7.41233e-03
3.086000000e+00  7.4048435e-03  3.20557e-05  1.00000e+00  7.40484e-03  7.40535e-03
3.108000000e+00  7.4136090e-03  3.20919e-05  1.00000e+00  7.41361e-03  7.41378e-03
3.130000000e+00  7.4186746e-03  3.21163e-05  1.00000e+00  7.41867e-03  7.41884e-03
3.152000000e+00  7.4169958e-03  3.22330e-05  1.00000e+00  7.41700e-03  7.41721e-03
3.174000000e+00  7.4176876e-03  3.22479e-05  1.00000e+00  7.41769e-03  7.41781e-03
3.196000000e+00  7.4080012e-03  3.23960e-05  1.00000e+00  7.40800e-03  7.40843e-03
3.218000000e+00  7.4069629e-03  3.22797e-05  1.00000e+00  7.40696e-03  7.40747e-03
3.240000000e+00  7.4006485e-03  3.22614e-05  1.00000e+00  7.40065e-03  7.40132e-03
3.262000000e+00  7.3990031e-03  3.20552e-05  1.00000e+00  7.39900e-03  7.39952e-03
3.284000000e+00  7.3985762e-03  3.23402e-05  1.00000e+00  7.39858e-03  7.39892e-03
3.306000000e+00  7.3992154e-03  3.22287e-05  1.00000e+00  7.39922e-03  7.39946e-03
3.328000000e+00  7.4039584e-03  3.21909e-05  1.00000e+00  7.40396e-03  7.40420e-03
3.350000000e+00  7.4089044e-03  3.23565e-05  1.00000e+00  7.40890e-03  7.40922e-03
3.372000000e+00  7.4032886e-03  3.22942e-05  1.00000e+00  7.40329e-03  7.40382e-03
3.394000000e+00  7.3988960e-03  3.23646e-05  1.00000e+00  7.39890e-03  7.39989e-03
3.416000000e+00  7.3970430e-03  3.23300e-05  1.00000e+00  7.39704e-03  7.39885e-03
3.438000000e+00  7.3969274e-03  3.25019e-05  1.00000e+00  7.39693e-03  7.39950e-03
3.460000000e+00  7.3968384e-03  3.24253e-05  1.00000e+00  7.39684e-03  7.39915e-03
3.482000000e+00  7.3977131e-03  3.25394e-05  1.00000e+00  7.39771e-03  7.39868e-03
3.504000000e+00  7.3970742e-03  3.24376e-05  1.00000e+00  7.39707e-03  7.39892e-03
3.526000000e+00  7.3998456e-03  3.27153e-05  1.00000e+00  7.39985e-03  7.40260e-03
3.548000000e+00  7.4066364e-03  3.27297e-05  1.00000e+00  7.40664e-03  7.40905e-03
3.570000000e+00  7.4136489e-03  3.27615e-05  1.00000e+00  7.41365e-03  7.41522e-03
3.592000000e+00  7.4176108e-03  3.28865e-05  1.00000e+00  7.41761e-03  7.41844e-03
3.614000000e+00  7.4203630e-03  3.27713e-05  1.00000e+00  7.42036e-03  7.42103e-03
3.636000000e+00  7.4182244e-03  3.28488e-05  1.00000e+00  7.41822e-03  7.41912e-03
3.658000000e+00  7.4122661e-03  3.31114e-05  1.00000e+00  7.41227e-03  7.41362e-03
3.680000000e+00  7.4071241e-03  3.30998e-05  1.00000e+00  7.40712e-03  7.40994e-03
3.702000000e+00  7.4115361e-03  3.31292e-05  1.00000e+00  7.41154e-03  7.41300e-03
3.724000000e+00  7.4149478e-03  3.31877e-05  1.00000e+00  7.41495e-03  7.41703e-03
3.746000000e+00  7.4179848e-03  3.32005e-05  1.00000e+00  7.41798e-03  7.42005e-03
3.768000000e+00  7.4210723e-03  3.32705e-05  1.00000e+00  7.42107e-03  7.42172e-03
3.790000000e+00  7.4269506e-03  3.31697e-05  1.00000e+00  7.42695e-03  7.42710e-03
3.812000000e+00  7.4298974e-03  3.34050e-05  1.00000e+00  7.42990e-03  7.43001e-03
3.834000000e+00  7.4290066e-03  3.36110e-05  1.00000e+00  7.42901e-03  7.42915e-03
3.856000000e+00  7.4257914e-03  3.36023e-05  1.00000e+00  7.42579e-03  7.42597e-03
3.878000000e+00  7.4155102e-03  3.36788e-05  1.00000e+00  7.41551e-03  7.41651e-03
3.900000000e+00  7.4090842e-03  3.40857e-05  1.00000e+00  7.40908e-03  7.41289e-03
3.922000000e+00  7.4117947e-03  3.41815e-05  1.00000e+00  7.41179e-03  7.41531e-03
3.944000000e+00  7.4174137e-03  3.44528e-05  1.00000e+00  7.41741e-03  7.41863e-03
3.966000000e+00  7.4248517e-03  3.47674e-05  1.00000e+00  7.42485e-03  7.42518e-03
3.988000000e+00  7.4258055e-03  3.55453e-05  1.00000e+00  7.42581e-03  7.42624e-03
4.010000000e+00  7.4259944e-03  3.56318e-05  1.00000e+00  7.42599e-03  7.42636e-03
4.032000000e+00  7.4244556e-03  3.61210e-05  1.00000e+00  7.42446e-03  7.42474e-03
4.054000000e+00  7.4171971e-03  3.67365e-05  1.00000e+00  7.41720e-03  7.41771e-03
4.076000000e+00  7.4210131e-03  3.74616e-05  1.00000e+00  7.42101e-03  7.42125e-03
4.098000000e+00  7.4226731e-03  3.76502e-05  1.00000e+00  7.42267e-03  7.42282e-03
4.120000000e+00  7.4193188e-03  3.81108e-05  1.00000e+00  7.41932e-03  7.41962e-03
4.142000000e+00  7.4217518e-03  3.82550e-05  1.00000e+00  7.42175e-03  7.42191e-03
4.164000000e+00  7.4427321e-03  3.90629e-05  1.00000e+00  7.44273e-03  7.44274e-03
4.186000000e+00  7.4591810e-03  3.90182e-05  1.00000e+00  7.45918e-03  7.45918e-03
4.208000000e+00  7.4767878e-03  3.96141e-05  1.00000e+00  7.47679e-03  7.47679e-03
4.230000000e+00  7.4908279e-03  3.95428e-05  1.00000e+00  7.49083e-03  7.49083e-03
4.252000000e+00  7.4909299e-03  4.05855e-05  1.00000e+00  7.49093e-03  7.49093e-03
4.274000000e+00  7.4940849e-03  4.06160e-05  1.00000e+00  7.49408e-03  7.49408e-03
4.296000000e+00  7.4902559e-03  4.11051e-05  1.00000e+00  7.49026e-03  7.49026e-03
4.318000000e+00  7.4838068e-03  4.13662e-05  1.00000e+00  7.48381e-03  7.48381e-03
4.340000000e+00  7.4790126e-03  4.18947e-05  1.00000e+00  7.47901e-03  7.47901e-03
4.362000000e+00  7.4775294e-03  4.23131e-05  1.00000e+00  7.47753e-03  7.47753e-03
4.384000000e+00  7.4744051e-03  4.28053e-05  1.00000e+00  7.47441e-03  7.47441e-03
4.406000000e+00  7.4737290e-03  4.33030e-05  1.00000e+00  7.47373e-03  7.47373e-03
4.428000000e+00  7.4684928e-03  4.42192e-05  1.00000e+00  7.46849e-03  7.46849e-03
4.450000000e+00  7.4615821e-03  4.40461e-05  1.00000e+00  7.46158e-03  7.46159e-03
4.472000000e+00  7.4539681e-03  4.46859e-05  1.00000e+00  7.45397e-03  7.45398e-03
4.494000000e+00  7.4444296e-03  4.49959e-05  1.00000e+00  7.44443e-03  7.44445e-03
4.516000000e+00  7.4364396e-03  4.52394e-05  1.00000e+00  7.43644e-03  7.43648e-03
4.538000000e+00  7.4275131e-03  4.56839e-05  1.00000e+00  7.42751e-03  7.42766e-03
4.560000000e+00  7.4218920e-03  4.63566e-05  1.00000e+00  7.42189e-03  7.42225e-03
4.582000000e+00  7.4174020e-03  4.62627e-05  1.00000e+00  7.41740e-03  7.41805e-03
4.604000000e+00  7.4171559e-03  4.71679e-05  1.00000e+00  7.41716e-03  7.41804e-03
4.626000000e+00  7.4221541e-03  4.75350e-05  1.00000e+00  7.42215e-03  7.42267e-03
4.648000000e+00  7.4222829e-03  4.79060e-05  1.00000e+00  7.42228e-03  7.42277e-03
4.670000000e+00  7.4248904e-03  4.85034e-05  1.00000e+00  7.42489e-03  7.42529e-03
4.692000000e+00  7.4317304e-03  4.84117e-05  1.00000e+00  7.43173e-03  7.43192e-03
4.714000000e+00  7.4344547e-03  4.90572e-05  1.00000e+00  7.43445e-03  7.43456e-03
4.736000000e+00  7.4375499e-03  4.94329e-05  1.00000e+00  7.43755e-03  7.43762e-03
4.758000000e+00  7.4381753e-03  5.00836e-05  1.00000e+00  7.43818e-03  7.43825e-03
4.780000000e+00  7.4425647e-03  5.08265e-05  1.00000e+00  7.44256e-03  7.44263e-03
4.802000000e+00  7.4487079e-03  5.09311e-05  1.00000e+00  7.44871e-03  7.44875e-03
4.824000000e+00  7.4511830e-03  5.13482e-05  1.00000e+00  7.45118e-03  7.45122e-03
4.846000000e+00  7.4515205e-03  5.20768e-05  1.00000e+00  7.45152e-03  7.45156e-03
4.868000000e+00  7.4487454e-03  5.27133e-05  1.00000e+00  7.44875e-03  7.44879e-03
4.890000000e+00  7.4439229e-03  5.29269e-05  1.00000e+00  7.44392e-03  7.44399e-03
4.912000000e+00  7.4413012e-03  5.28516e-05  1.00000e+00  7.44130e-03  7.44141e-03
4.934000000e+00  7.4351894e-03  5.40068e-05  1.00000e+00  7.43519e-03  7.43541e-03
4.956000000e+00  7.4311439e-03  5.48563e-05  1.00000e+00  7.43114e-03  7.43160e-03
4.978000000e+00  7.4273392e-03  5.47851e-05  1.00000e+00  7.42734e-03  7.42826e-03
5.000000000e+00  7.4223261e-03  5.56702e-05  1.00000e+00  7.42233e-03  7.42419e-03
5.022000000e+00  7.4176939e-03  5.71530e-05  1.00000e+00  7.41769e-03  7.42052e-03
5.044000000e+00  7.4174768e-03  5.65120e-05  1.00000e+00  7.41748e-03  7.42006e-03
5.066000000e+00  7.4192987e-03  5.72191e-05  1.00000e+00  7.41930e-03  7.42122e-03
5.088000000e+00  7.4244751e-03  5.81962e-05  1.00000e+00  7.42448e-03  7.42562e-03
5.110000000e+00  7.4272068e-03  5.84024e-05  1.00000e+00  7.42721e-03  7.42811e-03
5.132000000e+00  7.4220064e-03  5.91707e-05  1.00000e+00  7.42201e-03  7.42419e-03
5.154000000e+00  7.4293154e-03  5.99124e-05  1.00000e+00  7.42932e-03  7.43036e-03
5.176000000e+00  7.4430301e-03  6.03385e-05  1.00000e+00  7.44303e-03  7.44326e-03
5.198000000e+00  7.4403968e-03  6.04616e-05  1.00000e+00  7.44040e-03  7.44060e-03
5.220000000e+00  7.4427725e-03  6.13266e-05  1.00000e+00  7.44277e-03  7.44294e-03
5.242000000e+00  7.4401497e-03  6.21860e-05  1.00000e+00  7.44015e-03  7.44036e-03
5.264000000e+00  7.4377556e-03  6.20130e-05  1.00000e+00  7.43776e-03  7.43807e-03
5.286000000e+00  7.4307503e-03  6.36527e-05  1.00000e+00  7.43075e-03  7.43153e-03
