# ------------------------------------------------------------------------
# Radiance spectrum
# NASA-GSFC Planetary Spectrum Generator (PSG) (Villanueva et al. 2018, 2022)
# Synthesized on Mon Mar 13 14:11:33 2023
# Doppler velocities [km/s] (vobs,vrot+vorb,vwidth,vrfl,vstr): -21.10000,-0.00000,0.23000,1.95291,0.00000
# Spectral unit: Wavelength [um]
# Radiance unit: Contrast [radiance ratio w.r.t. parent star]
# Wave/freq Total Noise Stellar Object Reflected Thermal Transit
6.000000000e-01  7.0430140e-03  8.02639e-05  1.00000e+00  7.04301e-03 -0.00000e+00 -6.27130e-29  7.04301e-03
6.220000000e-01  7.0430140e-03  7.33013e-05  1.00000e+00  7.04301e-03 -0.00000e+00 -5.46997e-28  7.04301e-03
6.440000000e-01  7.0430140e-03  5.72182e-05  1.00000e+00  7.04301e-03 -0.00000e+00 -3.05378e-27  7.04301e-03
6.660000000e-01  7.0430140e-03  5.87006e-05  1.00000e+00  7.04301e-03 -0.00000e+00 -2.38869e-26  7.04301e-03
6.880000000e-01  7.0430140e-03  5.12637e-05  1.00000e+00  7.04301e-03 -0.00000e+00 -1.22125e-25  7.04301e-03
7.100000000e-01  7.0430140e-03  4.83151e-05  1.00000e+00  7.04301e-03 -0.00000e+00 -6.34929e-25  7.04301e-03
7.320000000e-01  7.0430140e-03  3.57841e-05  1.00000e+00  7.04301e-03 -0.00000e+00 -1.87588e-24  7.04301e-03
7.540000000e-01  7.0430140e-03  2.86878e-05  1.00000e+00  7.04301e-03 -0.00000e+00 -5.76749e-24  7.04301e-03
7.760000000e-01  7.0430140e-03  3.47048e-05  1.00000e+00  7.04301e-03 -0.00000e+00 -3.57517e-23  7.04301e-03
7.980000000e-01  7.0430140e-03  2.77319e-05  1.00000e+00  7.04301e-03 -0.00000e+00 -9.16461e-23  7.04301e-03
8.200000000e-01  7.0430140e-03  2.54911e-05  1.00000e+00  7.04301e-03 -0.00000e+00 -2.84641e-22  7.04301e-03
8.420000000e-01  7.0430140e-03  2.64171e-05  1.00000e+00  7.04301e-03 -0.00000e+00 -1.04052e-21  7.04301e-03
8.640000000e-01  7.0430140e-03  2.42189e-05  1.00000e+00  7.04301e-03 -0.00000e+00 -2.80599e-21  7.04301e-03
8.860000000e-01  7.0430140e-03  2.37139e-05  1.00000e+00  7.04301e-03 -0.00000e+00 -8.10030e-21  7.04301e-03
9.080000000e-01  7.0430140e-03  2.25806e-05  1.00000e+00  7.04301e-03 -0.00000e+00 -2.09377e-20  7.04301e-03
9.300000000e-01  7.0430140e-03  2.14607e-05  1.00000e+00  7.04301e-03 -0.00000e+00 -5.11901e-20  7.04301e-03
9.520000000e-01  7.0430140e-03  2.07586e-05  1.00000e+00  7.04301e-03 -0.00000e+00 -1.23455e-19  7.04301e-03
9.740000000e-01  7.0430140e-03  2.07126e-05  1.00000e+00  7.04301e-03 -0.00000e+00 -3.02596e-19  7.04301e-03
9.960000000e-01  7.0430140e-03  2.02317e-05  1.00000e+00  7.04301e-03 -0.00000e+00 -6.82171e-19  7.04301e-03
1.018000000e+00  7.0430140e-03  1.95792e-05  1.00000e+00  7.04301e-03 -0.00000e+00 -1.45211e-18  7.04301e-03
1.040000000e+00  7.0430140e-03  1.90590e-05  1.00000e+00  7.04301e-03 -0.00000e+00 -3.01464e-18  7.04301e-03
1.062000000e+00  7.0430140e-03  1.86463e-05  1.00000e+00  7.04301e-03 -0.00000e+00 -6.10818e-18  7.04301e-03
1.084000000e+00  7.0430140e-03  1.84705e-05  1.00000e+00  7.04301e-03 -0.00000e+00 -1.22822e-17  7.04301e-03
1.106000000e+00  7.0430140e-03  1.88276e-05  1.00000e+00  7.04301e-03 -0.00000e+00 -2.53555e-17  7.04301e-03
1.128000000e+00  7.0430140e-03  1.89013e-05  1.00000e+00  7.04301e-03 -0.00000e+00 -4.93737e-17  7.04301e-03
1.150000000e+00  7.0430140e-03  1.87984e-05  1.00000e+00  7.04301e-03 -0.00000e+00 -9.18972e-17  7.04301e-03
1.172000000e+00  7.0430140e-03  1.86521e-05  1.00000e+00  7.04301e-03 -0.00000e+00 -1.66022e-16  7.04301e-03
1.194000000e+00  7.0430140e-03  1.84541e-05  1.00000e+00  7.04301e-03 -0.00000e+00 -2.91250e-16  7.04301e-03
1.216000000e+00  7.0430140e-03  1.80156e-05  1.00000e+00  7.04301e-03 -0.00000e+00 -4.86571e-16  7.04301e-03
1.238000000e+00  7.0430140e-03  1.78033e-05  1.00000e+00  7.04301e-03 -0.00000e+00 -8.15205e-16  7.04301e-03
1.260000000e+00  7.0430140e-03  1.76207e-05  1.00000e+00  7.04301e-03 -0.00000e+00 -1.34273e-15  7.04301e-03
1.282000000e+00  7.0430140e-03  1.74553e-05  1.00000e+00  7.04301e-03 -0.00000e+00 -2.17370e-15  7.04301e-03
1.304000000e+00  7.0430140e-03  1.73807e-05  1.00000e+00  7.04301e-03 -0.00000e+00 -3.49135e-15  7.04301e-03
1.326000000e+00  7.0430140e-03  1.82702e-05  1.00000e+00  7.04301e-03 -0.00000e+00 -6.13525e-15  7.04301e-03
1.348000000e+00  7.0430140e-03  2.10784e-05  1.00000e+00  7.04301e-03 -0.00000e+00 -1.27382e-14  7.04301e-03
1.370000000e+00  7.0430140e-03  2.09376e-05  1.00000e+00  7.04301e-03 -0.00000e+00 -1.93927e-14  7.04301e-03
1.392000000e+00  7.0430140e-03  2.13749e-05  1.00000e+00  7.04301e-03 -0.00000e+00 -3.07001e-14  7.04301e-03
1.414000000e+00  7.0430140e-03  2.20742e-05  1.00000e+00  7.04301e-03 -0.00000e+00 -4.90184e-14  7.04301e-03
1.436000000e+00  7.0430140e-03  2.21829e-05  1.00000e+00  7.04301e-03 -0.00000e+00 -7.32013e-14  7.04301e-03
1.458000000e+00  7.0430140e-03  2.20861e-05  1.00000e+00  7.04301e-03 -0.00000e+00 -1.05982e-13  7.04301e-03
1.480000000e+00  7.0430140e-03  2.20921e-05  1.00000e+00  7.04301e-03 -0.00000e+00 -1.52977e-13  7.04301e-03
1.502000000e+00  7.0430140e-03  2.16905e-05  1.00000e+00  7.04301e-03 -0.00000e+00 -2.10431e-13  7.04301e-03
1.524000000e+00  7.0430140e-03  2.13301e-05  1.00000e+00  7.04301e-03 -0.00000e+00 -2.87158e-13  7.04301e-03
1.546000000e+00  7.0430140e-03  2.10838e-05  1.00000e+00  7.04301e-03 -0.00000e+00 -3.91660e-13  7.04301e-03
1.568000000e+00  7.0430140e-03  2.06923e-05  1.00000e+00  7.04301e-03 -0.00000e+00 -5.21429e-13  7.04301e-03
1.590000000e+00  7.0430140e-03  2.02290e-05  1.00000e+00  7.04301e-03 -0.00000e+00 -6.82214e-13  7.04301e-03
1.612000000e+00  7.0430140e-03  1.99320e-05  1.00000e+00  7.04301e-03 -0.00000e+00 -8.98060e-13  7.04301e-03
1.634000000e+00  7.0430140e-03  1.94692e-05  1.00000e+00  7.04301e-03 -0.00000e+00 -1.15176e-12  7.04301e-03
1.656000000e+00  7.0430140e-03  1.90294e-05  1.00000e+00  7.04301e-03 -0.00000e+00 -1.46638e-12  7.04301e-03
1.678000000e+00  7.0430140e-03  1.87982e-05  1.00000e+00  7.04301e-03 -0.00000e+00 -1.89083e-12  7.04301e-03
1.700000000e+00  7.0430140e-03  1.92014e-05  1.00000e+00  7.04301e-03 -0.00000e+00 -2.58389e-12  7.04301e-03
1.722000000e+00  7.0430140e-03  2.01941e-05  1.00000e+00  7.04301e-03 -0.00000e+00 -3.71154e-12  7.04301e-03
1.744000000e+00  7.0430140e-03  2.11449e-05  1.00000e+00  7.04301e-03 -0.00000e+00 -5.24628e-12  7.04301e-03
1.766000000e+00  7.0430140e-03  2.22543e-05  1.00000e+00  7.04301e-03 -0.00000e+00 -7.43742e-12  7.04301e-03
1.788000000e+00  7.0430140e-03  2.31083e-05  1.00000e+00  7.04301e-03 -0.00000e+00 -1.01982e-11  7.04301e-03
1.810000000e+00  7.0430140e-03  2.37981e-05  1.00000e+00  7.04301e-03 -0.00000e+00 -1.36697e-11  7.04301e-03
1.832000000e+00  7.0430140e-03  2.38425e-05  1.00000e+00  7.04301e-03 -0.00000e+00 -1.72528e-11  7.04301e-03
1.854000000e+00  7.0430140e-03  2.49461e-05  1.00000e+00  7.04301e-03 -0.00000e+00 -2.35601e-11  7.04301e-03
1.876000000e+00  7.0430140e-03  2.47193e-05  1.00000e+00  7.04301e-03 -0.00000e+00 -2.87623e-11  7.04301e-03
1.898000000e+00  7.0430140e-03  2.42995e-05  1.00000e+00  7.04301e-03 -0.00000e+00 -3.43761e-11  7.04301e-03
1.920000000e+00  7.0430140e-03  2.42862e-05  1.00000e+00  7.04301e-03 -0.00000e+00 -4.22108e-11  7.04301e-03
1.942000000e+00  7.0430139e-03  2.43411e-05  1.00000e+00  7.04301e-03 -0.00000e+00 -5.18461e-11  7.04301e-03
1.964000000e+00  7.0430139e-03  2.43148e-05  1.00000e+00  7.04301e-03 -0.00000e+00 -6.29499e-11  7.04301e-03
1.986000000e+00  7.0430139e-03  2.49088e-05  1.00000e+00  7.04301e-03 -0.00000e+00 -7.99043e-11  7.04301e-03
2.008000000e+00  7.0430139e-03  2.51538e-05  1.00000e+00  7.04301e-03 -0.00000e+00 -9.81589e-11  7.04301e-03
2.030000000e+00  7.0430139e-03  2.51537e-05  1.00000e+00  7.04301e-03 -0.00000e+00 -1.17767e-10  7.04301e-03
2.052000000e+00  7.0430139e-03  2.50364e-05  1.00000e+00  7.04301e-03 -0.00000e+00 -1.39400e-10  7.04301e-03
2.074000000e+00  7.0430138e-03  2.49636e-05  1.00000e+00  7.04301e-03 -0.00000e+00 -1.64877e-10  7.04301e-03
2.096000000e+00  7.0430138e-03  2.47433e-05  1.00000e+00  7.04301e-03 -0.00000e+00 -1.91970e-10  7.04301e-03
2.118000000e+00  7.0430138e-03  2.44730e-05  1.00000e+00  7.04301e-03 -0.00000e+00 -2.21710e-10  7.04301e-03
2.140000000e+00  7.0430137e-03  2.42009e-05  1.00000e+00  7.04301e-03 -0.00000e+00 -2.54978e-10  7.04301e-03
2.162000000e+00  7.0430137e-03  2.38591e-05  1.00000e+00  7.04301e-03 -0.00000e+00 -2.90414e-10  7.04301e-03
2.184000000e+00  7.0430137e-03  2.36283e-05  1.00000e+00  7.04301e-03 -0.00000e+00 -3.32504e-10  7.04301e-03
2.206000000e+00  7.0430136e-03  2.34021e-05  1.00000e+00  7.04301e-03 -0.00000e+00 -3.79440e-10  7.04301e-03
2.228000000e+00  7.0430136e-03  2.31069e-05  1.00000e+00  7.04301e-03 -0.00000e+00 -4.28951e-10  7.04301e-03
2.250000000e+00  7.0430135e-03  2.28771e-05  1.00000e+00  7.04301e-03 -0.00000e+00 -4.85896e-10  7.04301e-03
2.272000000e+00  7.0430134e-03  2.28553e-05  1.00000e+00  7.04301e-03 -0.00000e+00 -5.58467e-10  7.04301e-03
2.294000000e+00  7.0430133e-03  2.31259e-05  1.00000e+00  7.04301e-03 -0.00000e+00 -6.56055e-10  7.04301e-03
2.316000000e+00  7.0430132e-03  2.36845e-05  1.00000e+00  7.04301e-03 -0.00000e+00 -7.86799e-10  7.04301e-03
2.338000000e+00  7.0430131e-03  2.42500e-05  1.00000e+00  7.04301e-03 -0.00000e+00 -9.40327e-10  7.04301e-03
2.360000000e+00  7.0430129e-03  2.49407e-05  1.00000e+00  7.04301e-03 -0.00000e+00 -1.13047e-09  7.04301e-03
2.382000000e+00  7.0430127e-03  2.54560e-05  1.00000e+00  7.04301e-03 -0.00000e+00 -1.33523e-09  7.04301e-03
2.404000000e+00  7.0430124e-03  2.66232e-05  1.00000e+00  7.04301e-03 -0.00000e+00 -1.64932e-09  7.04301e-03
2.426000000e+00  7.0430120e-03  2.77992e-05  1.00000e+00  7.04301e-03 -0.00000e+00 -2.02533e-09  7.04301e-03
2.448000000e+00  7.0430116e-03  2.86945e-05  1.00000e+00  7.04301e-03 -0.00000e+00 -2.42554e-09  7.04301e-03
2.470000000e+00  7.0430110e-03  2.99406e-05  1.00000e+00  7.04301e-03 -0.00000e+00 -2.95867e-09  7.04301e-03
2.492000000e+00  7.0430106e-03  3.05178e-05  1.00000e+00  7.04301e-03 -0.00000e+00 -3.44063e-09  7.04301e-03
2.514000000e+00  7.0430099e-03  3.14437e-05  1.00000e+00  7.04301e-03 -0.00000e+00 -4.07565e-09  7.04301e-03
2.536000000e+00  7.0430093e-03  3.18454e-05  1.00000e+00  7.04301e-03 -0.00000e+00 -4.65972e-09  7.04301e-03
2.558000000e+00  7.0430087e-03  3.21831e-05  1.00000e+00  7.04301e-03 -0.00000e+00 -5.29384e-09  7.04301e-03
2.580000000e+00  7.0430081e-03  3.21214e-05  1.00000e+00  7.04301e-03 -0.00000e+00 -5.85919e-09  7.04301e-03
2.602000000e+00  7.0430076e-03  3.19276e-05  1.00000e+00  7.04301e-03 -0.00000e+00 -6.42021e-09  7.04301e-03
2.624000000e+00  7.0430069e-03  3.19441e-05  1.00000e+00  7.04301e-03 -0.00000e+00 -7.11016e-09  7.04301e-03
2.646000000e+00  7.0430063e-03  3.16452e-05  1.00000e+00  7.04301e-03 -0.00000e+00 -7.71017e-09  7.04301e-03
2.668000000e+00  7.0430054e-03  3.17615e-05  1.00000e+00  7.04301e-03 -0.00000e+00 -8.55761e-09  7.04301e-03
2.690000000e+00  7.0430042e-03  3.24845e-05  1.00000e+00  7.04300e-03 -0.00000e+00 -9.83054e-09  7.04301e-03
2.712000000e+00  7.0430027e-03  3.33290e-05  1.00000e+00  7.04300e-03 -0.00000e+00 -1.13401e-08  7.04301e-03
2.734000000e+00  7.0430012e-03  3.38932e-05  1.00000e+00  7.04300e-03 -0.00000e+00 -1.28370e-08  7.04301e-03
2.756000000e+00  7.0429998e-03  3.40314e-05  1.00000e+00  7.04300e-03 -0.00000e+00 -1.41566e-08  7.04301e-03
2.778000000e+00  7.0429981e-03  3.45793e-05  1.00000e+00  7.04300e-03 -0.00000e+00 -1.59451e-08  7.04301e-03
2.800000000e+00  7.0429965e-03  3.46673e-05  1.00000e+00  7.04300e-03 -0.00000e+00 -1.74746e-08  7.04301e-03
2.822000000e+00  7.0429946e-03  3.50292e-05  1.00000e+00  7.04299e-03 -0.00000e+00 -1.94093e-08  7.04301e-03
2.844000000e+00  7.0429922e-03  3.56208e-05  1.00000e+00  7.04299e-03 -0.00000e+00 -2.17876e-08  7.04301e-03
2.866000000e+00  7.0429907e-03  3.53640e-05  1.00000e+00  7.04299e-03 -0.00000e+00 -2.33261e-08  7.04301e-03
2.888000000e+00  7.0429886e-03  3.54468e-05  1.00000e+00  7.04299e-03 -0.00000e+00 -2.53966e-08  7.04301e-03
2.910000000e+00  7.0429855e-03  3.60973e-05  1.00000e+00  7.04299e-03 -0.00000e+00 -2.84589e-08  7.04301e-03
2.932000000e+00  7.0429830e-03  3.62349e-05  1.00000e+00  7.04298e-03 -0.00000e+00 -3.09827e-08  7.04301e-03
2.954000000e+00  7.0429800e-03  3.65537e-05  1.00000e+00  7.04298e-03 -0.00000e+00 -3.39912e-08  7.04301e-03
2.976000000e+00  7.0429772e-03  3.66445e-05  1.00000e+00  7.04298e-03 -0.00000e+00 -3.67853e-08  7.04301e-03
2.998000000e+00  7.0429737e-03  3.70041e-05  1.00000e+00  7.04297e-03 -0.00000e+00 -4.03107e-08  7.04301e-03
3.020000000e+00  7.0429707e-03  3.69860e-05  1.00000e+00  7.04297e-03 -0.00000e+00 -4.32645e-08  7.04301e-03
3.042000000e+00  7.0429672e-03  3.71490e-05  1.00000e+00  7.04297e-03 -0.00000e+00 -4.68083e-08  7.04301e-03
3.064000000e+00  7.0429639e-03  3.71237e-05  1.00000e+00  7.04296e-03 -0.00000e+00 -5.00948e-08  7.04301e-03
3.086000000e+00  7.0429602e-03  3.71994e-05  1.00000e+00  7.04296e-03 -0.00000e+00 -5.38239e-08  7.04301e-03
3.108000000e+00  7.0429563e-03  3.72407e-05  1.00000e+00  7.04296e-03 -0.00000e+00 -5.76609e-08  7.04301e-03
3.130000000e+00  7.0429523e-03  3.72684e-05  1.00000e+00  7.04295e-03 -0.00000e+00 -6.16575e-08  7.04301e-03
3.152000000e+00  7.0429478e-03  3.74028e-05  1.00000e+00  7.04295e-03 -0.00000e+00 -6.62130e-08  7.04301e-03
3.174000000e+00  7.0429434e-03  3.74193e-05  1.00000e+00  7.04294e-03 -0.00000e+00 -7.06039e-08  7.04301e-03
3.196000000e+00  7.0429382e-03  3.75897e-05  1.00000e+00  7.04294e-03 -0.00000e+00 -7.57891e-08  7.04301e-03
3.218000000e+00  7.0429340e-03  3.74545e-05  1.00000e+00  7.04293e-03 -0.00000e+00 -8.00296e-08  7.04301e-03
3.240000000e+00  7.0429291e-03  3.74324e-05  1.00000e+00  7.04293e-03 -0.00000e+00 -8.49018e-08  7.04301e-03
3.262000000e+00  7.0429250e-03  3.71931e-05  1.00000e+00  7.04293e-03 -0.00000e+00 -8.89981e-08  7.04301e-03
3.284000000e+00  7.0429181e-03  3.75221e-05  1.00000e+00  7.04292e-03 -0.00000e+00 -9.59101e-08  7.04301e-03
3.306000000e+00  7.0429131e-03  3.73924e-05  1.00000e+00  7.04291e-03 -0.00000e+00 -1.00901e-07  7.04301e-03
3.328000000e+00  7.0429075e-03  3.73481e-05  1.00000e+00  7.04291e-03 -0.00000e+00 -1.06507e-07  7.04301e-03
3.350000000e+00  7.0429003e-03  3.75390e-05  1.00000e+00  7.04290e-03 -0.00000e+00 -1.13654e-07  7.04301e-03
3.372000000e+00  7.0428944e-03  3.74661e-05  1.00000e+00  7.04289e-03 -0.00000e+00 -1.19579e-07  7.04301e-03
3.394000000e+00  7.0428873e-03  3.75467e-05  1.00000e+00  7.04289e-03 -0.00000e+00 -1.26669e-07  7.04301e-03
3.416000000e+00  7.0428807e-03  3.75059e-05  1.00000e+00  7.04288e-03 -0.00000e+00 -1.33252e-07  7.04301e-03
3.438000000e+00  7.0428723e-03  3.77040e-05  1.00000e+00  7.04287e-03 -0.00000e+00 -1.41734e-07  7.04301e-03
3.460000000e+00  7.0428655e-03  3.76146e-05  1.00000e+00  7.04287e-03 -0.00000e+00 -1.48490e-07  7.04301e-03
3.482000000e+00  7.0428568e-03  3.77459e-05  1.00000e+00  7.04286e-03 -0.00000e+00 -1.57153e-07  7.04301e-03
3.504000000e+00  7.0428499e-03  3.76274e-05  1.00000e+00  7.04285e-03 -0.00000e+00 -1.64142e-07  7.04301e-03
3.526000000e+00  7.0428389e-03  3.79478e-05  1.00000e+00  7.04284e-03 -0.00000e+00 -1.75063e-07  7.04301e-03
3.548000000e+00  7.0428302e-03  3.79637e-05  1.00000e+00  7.04283e-03 -0.00000e+00 -1.83781e-07  7.04301e-03
3.570000000e+00  7.0428210e-03  3.79998e-05  1.00000e+00  7.04282e-03 -0.00000e+00 -1.92978e-07  7.04301e-03
3.592000000e+00  7.0428104e-03  3.81436e-05  1.00000e+00  7.04281e-03 -0.00000e+00 -2.03551e-07  7.04301e-03
3.614000000e+00  7.0428023e-03  3.80097e-05  1.00000e+00  7.04280e-03 -0.00000e+00 -2.11657e-07  7.04301e-03
3.636000000e+00  7.0427917e-03  3.80985e-05  1.00000e+00  7.04279e-03 -0.00000e+00 -2.22334e-07  7.04301e-03
3.658000000e+00  7.0427782e-03  3.84011e-05  1.00000e+00  7.04278e-03 -0.00000e+00 -2.35811e-07  7.04301e-03
3.680000000e+00  7.0427679e-03  3.83868e-05  1.00000e+00  7.04277e-03 -0.00000e+00 -2.46120e-07  7.04301e-03
3.702000000e+00  7.0427567e-03  3.84200e-05  1.00000e+00  7.04276e-03 -0.00000e+00 -2.57297e-07  7.04301e-03
3.724000000e+00  7.0427448e-03  3.84868e-05  1.00000e+00  7.04274e-03 -0.00000e+00 -2.69237e-07  7.04301e-03
3.746000000e+00  7.0427332e-03  3.85008e-05  1.00000e+00  7.04273e-03 -0.00000e+00 -2.80833e-07  7.04301e-03
3.768000000e+00  7.0427203e-03  3.85809e-05  1.00000e+00  7.04272e-03 -0.00000e+00 -2.93671e-07  7.04301e-03
3.790000000e+00  7.0427100e-03  3.84638e-05  1.00000e+00  7.04271e-03 -0.00000e+00 -3.04018e-07  7.04301e-03
3.812000000e+00  7.0426936e-03  3.87348e-05  1.00000e+00  7.04269e-03 -0.00000e+00 -3.20427e-07  7.04301e-03
3.834000000e+00  7.0426771e-03  3.89720e-05  1.00000e+00  7.04268e-03 -0.00000e+00 -3.36938e-07  7.04301e-03
3.856000000e+00  7.0426640e-03  3.89610e-05  1.00000e+00  7.04266e-03 -0.00000e+00 -3.49954e-07  7.04301e-03
3.878000000e+00  7.0426491e-03  3.90483e-05  1.00000e+00  7.04265e-03 -0.00000e+00 -3.64947e-07  7.04301e-03
3.900000000e+00  7.0426268e-03  3.95171e-05  1.00000e+00  7.04263e-03 -0.00000e+00 -3.87180e-07  7.04301e-03
3.922000000e+00  7.0426103e-03  3.96269e-05  1.00000e+00  7.04261e-03 -0.00000e+00 -4.03695e-07  7.04301e-03
3.944000000e+00  7.0425894e-03  3.99394e-05  1.00000e+00  7.04259e-03 -0.00000e+00 -4.24598e-07  7.04301e-03
3.966000000e+00  7.0425667e-03  4.03017e-05  1.00000e+00  7.04257e-03 -0.00000e+00 -4.47285e-07  7.04301e-03
3.988000000e+00  7.0425319e-03  4.11987e-05  1.00000e+00  7.04253e-03 -0.00000e+00 -4.82139e-07  7.04301e-03
4.010000000e+00  7.0425128e-03  4.12975e-05  1.00000e+00  7.04251e-03 -0.00000e+00 -5.01234e-07  7.04301e-03
4.032000000e+00  7.0424826e-03  4.18609e-05  1.00000e+00  7.04248e-03 -0.00000e+00 -5.31421e-07  7.04301e-03
4.054000000e+00  7.0424476e-03  4.25697e-05  1.00000e+00  7.04245e-03 -0.00000e+00 -5.66387e-07  7.04301e-03
4.076000000e+00  7.0424079e-03  4.34050e-05  1.00000e+00  7.04241e-03 -0.00000e+00 -6.06138e-07  7.04301e-03
4.098000000e+00  7.0423823e-03  4.36214e-05  1.00000e+00  7.04238e-03 -0.00000e+00 -6.31718e-07  7.04301e-03
4.120000000e+00  7.0423476e-03  4.41511e-05  1.00000e+00  7.04235e-03 -0.00000e+00 -6.66440e-07  7.04301e-03
4.142000000e+00  7.0423217e-03  4.43163e-05  1.00000e+00  7.04232e-03 -0.00000e+00 -6.92332e-07  7.04301e-03
4.164000000e+00  7.0422730e-03  4.52467e-05  1.00000e+00  7.04227e-03 -0.00000e+00 -7.40979e-07  7.04301e-03
4.186000000e+00  7.0422516e-03  4.51943e-05  1.00000e+00  7.04225e-03 -0.00000e+00 -7.62369e-07  7.04301e-03
4.208000000e+00  7.0422072e-03  4.58800e-05  1.00000e+00  7.04221e-03 -0.00000e+00 -8.06837e-07  7.04301e-03
4.230000000e+00  7.0421856e-03  4.57968e-05  1.00000e+00  7.04219e-03 -0.00000e+00 -8.28430e-07  7.04301e-03
4.252000000e+00  7.0421213e-03  4.69966e-05  1.00000e+00  7.04212e-03 -0.00000e+00 -8.92653e-07  7.04301e-03
4.274000000e+00  7.0420942e-03  4.70304e-05  1.00000e+00  7.04209e-03 -0.00000e+00 -9.19817e-07  7.04301e-03
4.296000000e+00  7.0420479e-03  4.75922e-05  1.00000e+00  7.04205e-03 -0.00000e+00 -9.66079e-07  7.04301e-03
4.318000000e+00  7.0420097e-03  4.78912e-05  1.00000e+00  7.04201e-03 -0.00000e+00 -1.00430e-06  7.04301e-03
4.340000000e+00  7.0419589e-03  4.84981e-05  1.00000e+00  7.04196e-03 -0.00000e+00 -1.05512e-06  7.04301e-03
4.362000000e+00  7.0419113e-03  4.89782e-05  1.00000e+00  7.04191e-03 -0.00000e+00 -1.10273e-06  7.04301e-03
4.384000000e+00  7.0418588e-03  4.95429e-05  1.00000e+00  7.04186e-03 -0.00000e+00 -1.15517e-06  7.04301e-03
4.406000000e+00  7.0418045e-03  5.01140e-05  1.00000e+00  7.04180e-03 -0.00000e+00 -1.20954e-06  7.04301e-03
4.428000000e+00  7.0417277e-03  5.11661e-05  1.00000e+00  7.04173e-03 -0.00000e+00 -1.28626e-06  7.04301e-03
4.450000000e+00  7.0417034e-03  5.09654e-05  1.00000e+00  7.04170e-03 -0.00000e+00 -1.31056e-06  7.04301e-03
4.472000000e+00  7.0416369e-03  5.16993e-05  1.00000e+00  7.04164e-03 -0.00000e+00 -1.37706e-06  7.04301e-03
4.494000000e+00  7.0415860e-03  5.20538e-05  1.00000e+00  7.04159e-03 -0.00000e+00 -1.42802e-06  7.04301e-03
4.516000000e+00  7.0415375e-03  5.23319e-05  1.00000e+00  7.04154e-03 -0.00000e+00 -1.47650e-06  7.04301e-03
4.538000000e+00  7.0414767e-03  5.28410e-05  1.00000e+00  7.04148e-03 -0.00000e+00 -1.53734e-06  7.04301e-03
4.560000000e+00  7.0414009e-03  5.36121e-05  1.00000e+00  7.04140e-03 -0.00000e+00 -1.61306e-06  7.04301e-03
4.582000000e+00  7.0413687e-03  5.35024e-05  1.00000e+00  7.04137e-03 -0.00000e+00 -1.64535e-06  7.04301e-03
4.604000000e+00  7.0412753e-03  5.45405e-05  1.00000e+00  7.04128e-03 -0.00000e+00 -1.73872e-06  7.04301e-03
4.626000000e+00  7.0412126e-03  5.49604e-05  1.00000e+00  7.04121e-03 -0.00000e+00 -1.80139e-06  7.04301e-03
4.648000000e+00  7.0411483e-03  5.53846e-05  1.00000e+00  7.04115e-03 -0.00000e+00 -1.86568e-06  7.04301e-03
4.670000000e+00  7.0410677e-03  5.60687e-05  1.00000e+00  7.04107e-03 -0.00000e+00 -1.94634e-06  7.04301e-03
4.692000000e+00  7.0410315e-03  5.59618e-05  1.00000e+00  7.04103e-03 -0.00000e+00 -1.98254e-06  7.04301e-03
4.714000000e+00  7.0409444e-03  5.67008e-05  1.00000e+00  7.04094e-03 -0.00000e+00 -2.06964e-06  7.04301e-03
4.736000000e+00  7.0408740e-03  5.71302e-05  1.00000e+00  7.04087e-03 -0.00000e+00 -2.13995e-06  7.04301e-03
4.758000000e+00  7.0407824e-03  5.78748e-05  1.00000e+00  7.04078e-03 -0.00000e+00 -2.23161e-06  7.04301e-03
4.780000000e+00  7.0406815e-03  5.87252e-05  1.00000e+00  7.04068e-03 -0.00000e+00 -2.33249e-06  7.04301e-03
4.802000000e+00  7.0406265e-03  5.88433e-05  1.00000e+00  7.04063e-03 -0.00000e+00 -2.38750e-06  7.04301e-03
4.824000000e+00  7.0405467e-03  5.93197e-05  1.00000e+00  7.04055e-03 -0.00000e+00 -2.46730e-06  7.04301e-03
4.846000000e+00  7.0404407e-03  6.01531e-05  1.00000e+00  7.04044e-03 -0.00000e+00 -2.57335e-06  7.04301e-03
4.868000000e+00  7.0403394e-03  6.08806e-05  1.00000e+00  7.04034e-03 -0.00000e+00 -2.67456e-06  7.04301e-03
4.890000000e+00  7.0402710e-03  6.11233e-05  1.00000e+00  7.04027e-03 -0.00000e+00 -2.74302e-06  7.04301e-03
4.912000000e+00  7.0402260e-03  6.10348e-05  1.00000e+00  7.04023e-03 -0.00000e+00 -2.78802e-06  7.04301e-03
4.934000000e+00  7.0400752e-03  6.23563e-05  1.00000e+00  7.04008e-03 -0.00000e+00 -2.93880e-06  7.04301e-03
4.956000000e+00  7.0399471e-03  6.33272e-05  1.00000e+00  7.03995e-03 -0.00000e+00 -3.06691e-06  7.04301e-03
4.978000000e+00  7.0398987e-03  6.32433e-05  1.00000e+00  7.03990e-03 -0.00000e+00 -3.11532e-06  7.04301e-03
5.000000000e+00  7.0397629e-03  6.42546e-05  1.00000e+00  7.03976e-03 -0.00000e+00 -3.25111e-06  7.04301e-03
5.022000000e+00  7.0395678e-03  6.59500e-05  1.00000e+00  7.03957e-03 -0.00000e+00 -3.44617e-06  7.04301e-03
5.044000000e+00  7.0395701e-03  6.52138e-05  1.00000e+00  7.03957e-03 -0.00000e+00 -3.44387e-06  7.04301e-03
5.066000000e+00  7.0394437e-03  6.60210e-05  1.00000e+00  7.03944e-03 -0.00000e+00 -3.57026e-06  7.04301e-03
5.088000000e+00  7.0392881e-03  6.71371e-05  1.00000e+00  7.03929e-03 -0.00000e+00 -3.72586e-06  7.04301e-03
5.110000000e+00  7.0392067e-03  6.73707e-05  1.00000e+00  7.03921e-03 -0.00000e+00 -3.80734e-06  7.04301e-03
5.132000000e+00  7.0390669e-03  6.82473e-05  1.00000e+00  7.03907e-03 -0.00000e+00 -3.94708e-06  7.04301e-03
5.154000000e+00  7.0389272e-03  6.90934e-05  1.00000e+00  7.03893e-03 -0.00000e+00 -4.08678e-06  7.04301e-03
5.176000000e+00  7.0388184e-03  6.95786e-05  1.00000e+00  7.03882e-03 -0.00000e+00 -4.19560e-06  7.04301e-03
5.198000000e+00  7.0387408e-03  6.97169e-05  1.00000e+00  7.03874e-03 -0.00000e+00 -4.27320e-06  7.04301e-03
5.220000000e+00  7.0385816e-03  7.07035e-05  1.00000e+00  7.03858e-03 -0.00000e+00 -4.43240e-06  7.04301e-03
5.242000000e+00  7.0384200e-03  7.16834e-05  1.00000e+00  7.03842e-03 -0.00000e+00 -4.59399e-06  7.04301e-03
5.264000000e+00  7.0383723e-03  7.14831e-05  1.00000e+00  7.03837e-03 -0.00000e+00 -4.64174e-06  7.04301e-03
5.286000000e+00  7.0381170e-03  7.33543e-05  1.00000e+00  7.03812e-03 -0.00000e+00 -4.89700e-06  7.04301e-03
